8092
275 2510 11
30 770 11
2482 1389 11
2378 3838 11
3973 3190 11
2777 1112 11
3654 1664 11
1003 2939 11
70 1392 11
3556 1512 11
2028 2179 11
1655 2859 11
2064 1497 11
2451 321 11
3362 2010 11
293 1162 11
2081 3813 11
613 3569 11
2652 2941 11
1663 2335 11
165 1051 11
2187 1958 11
2223 2162 11
3704 1655 11
1749 2519 11
2081 1402 11
333 945 11
1867 2396 11
4028 4040 11
2187 2267 11
3833 3170 11
3200 3363 11
1177 1507 11
2846 3807 11
907 3885 11
1712 2779 11
2131 684 11
381 2830 11
1828 2177 11
2072 1315 11
3953 3526 11
353 2165 11
66 248 11
3973 1845 11
1215 1191 11
2131 3176 11
2759 2788 11
3746 479 11
3838 236 11
3569 613 11
3710 48 11
4078 1453 11
3667 514 11
1817 687 11
3737 555 11
82 3772 11
1778 2172 11
4125 1643 11
2189 3728 11
1657 2940 11
2513 2413 11
306 3918 11
1979 1866 11
2948 1125 11
2322 1395 11
532 1634 11
1492 2603 11
1712 781 11
1624 801 11
314 2481 11
2649 2593 11
2177 2710 11
570 3180 11
3208 2487 11
1469 1859 11
2243 2099 11
643 2623 11
2460 1828 11
1655 3704 11
3235 3144 11
368 1958 11
111 2669 11
3444 3004 11
3228 3017 11
824 3387 11
3737 4049 11
1921 2378 11
66 3118 11
3037 3405 11
2672 1508 11
985 381 11
2853 1806 11
2593 2649 11
2513 1616 11
1657 2158 11
2652 2564 11
2634 3862 11
1406 1395 11
2783 2158 11
444 2837 11
3896 3852 11
728 705 11
31 1331 11
1817 2501 11
2319 887 11
1947 1195 11
2615 616 11
642 2749 11
3932 3207 11
2753 3810 11
1879 2584 11
1412 3171 11
634 3273 11
2813 2731 11
443 4013 11
2604 1768 11
2585 580 11
1988 1119 11
3722 1047 11
1711 767 11
2251 1506 11
4096 59 11
3957 2310 11
3635 1564 11
564 653 11
1010 1301 11
3547 2434 11
3749 3126 11
140 1230 11
457 687 11
3654 2501 11
1712 3065 11
563 2552 11
4097 3233 11
3740 1562 11
3572 3554 11
1571 879 11
4045 3413 11
2853 3026 11
3554 802 11
185 467 11
3566 2142 11
4040 353 11
330 3831 11
3031 2639 11
628 2403 11
4050 4027 11
1599 680 11
1257 769 11
3165 323 11
1308 1681 11
2639 3539 11
4118 504 11
1457 3547 11
3353 774 11
2123 2534 11
3470 629 11
3144 122 11
3017 2289 11
3065 2779 11
1240 2412 11
2401 529 11
765 985 11
1348 3203 11
613 3865 11
2833 105 11
1928 1636 11
2529 282 11
220 3536 11
4040 4028 11
3528 3096 11
355 3190 11
3710 1116 11
410 3967 11
410 141 11
259 2832 11
1878 1064 11
3899 2166 11
4089 1728 11
3837 210 11
2410 543 11
634 1579 11
4060 3657 11
846 2115 11
48 1116 11
2908 1367 11
2582 3670 11
728 3022 11
3470 1717 11
680 3918 11
2158 2783 11
1135 2897 11
3999 3885 11
2897 1135 11
2603 553 11
3200 1348 11
3204 739 11
1740 2452 11
3017 579 11
2171 2638 11
3558 4042 11
1544 4040 11
2936 1246 11
3810 2753 11
3453 3610 11
2750 1393 11
3335 2779 11
2853 3421 11
3547 3363 11
563 3377 11
7 2911 11
1510 3304 11
3342 1281 11
1396 3526 11
711 830 11
289 555 11
1880 3338 11
660 3813 11
37 3348 11
576 1979 11
3950 1060 11
1531 1514 11
3120 4115 11
1139 709 11
1663 148 11
3183 443 11
1003 3757 11
2584 1879 11
660 1880 11
2957 3653 11
1127 1887 11
846 2931 11
1208 3991 11
977 2223 11
916 102 11
3228 2289 11
2644 1582 11
2335 1663 11
1350 1950 11
3232 926 11
443 3144 11
3272 4004 11
3512 91 11
2646 353 11
1740 2968 11
2861 642 11
3211 1948 11
348 865 11
3811 1487 11
3267 977 11
1497 2064 11
1003 2601 11
3626 173 11
160 1497 11
67 148 11
2446 3413 11
1393 1655 11
2322 2868 11
152 3652 11
993 3772 11
2897 1138 11
1392 70 11
660 2081 11
1911 2015 11
543 2410 11
59 4096 11
1508 2672 11
2552 563 11
3055 2791 11
2516 955 11
2832 3208 11
2690 2376 11
2761 2882 11
3363 3547 11
1958 3635 11
353 3526 11
1724 1585 11
3741 3919 11
1544 1585 11
3556 269 11
2853 1837 11
660 1393 11
2349 2235 11
1348 3200 11
1308 383 11
165 394 11
2615 228 11
4060 1350 11
576 1926 11
3539 3031 11
141 410 11
2271 1060 11
728 636 11
2832 259 11
2788 2759 11
1879 1512 11
769 2405 11
1116 48 11
1585 1921 11
4040 1544 11
3682 2529 11
3985 1325 11
2207 105 11
1512 1879 11
2700 270 11
2055 900 11
2537 1481 11
2714 2994 11
2853 3655 11
2584 3807 11
3236 2954 11
3708 900 11
3817 579 11
3752 120 11
3596 1925 11
1561 655 11
1585 1887 11
1564 3635 11
2165 3526 11
1132 1196 11
2529 3953 11
504 613 11
122 32 11
553 2603 11
2497 1138 11
903 1510 11
3885 3999 11
2716 1513 11
1778 3499 11
3327 3217 11
687 457 11
709 3144 11
1003 492 11
1720 1162 11
2131 210 11
2603 2702 11
1220 4051 11
4031 2994 11
2250 1787 11
3293 3225 11
2501 3654 11
3865 2837 11
634 605 11
3628 1498 11
2832 1804 11
1561 4118 11
1749 2111 11
1875 4086 11
1964 2187 11
315 1631 11
102 916 11
2853 3626 11
1219 647 11
1381 175 11
2953 3888 11
709 1139 11
2298 952 11
560 576 11
3238 2559 11
1003 1269 11
1726 3556 11
869 105 11
2271 2363 11
2690 170 11
1508 716 11
680 1599 11
3813 2081 11
1609 1378 11
3730 1267 11
2399 907 11
3803 3678 11
2289 1455 11
443 3183 11
3118 248 11
126 2837 11
1749 2687 11
739 3204 11
673 1965 11
2223 2360 11
271 1297 11
3333 443 11
311 1132 11
3392 339 11
1479 881 11
280 115 11
1512 3556 11
562 927 11
4125 2275 11
2320 1004 11
115 280 11
1664 3654 11
2588 576 11
2399 2588 11
4048 2859 11
728 1041 11
2672 2239 11
830 3554 11
1254 1116 11
1955 3822 11
3682 2015 11
2246 3769 11
131 2461 11
2223 2645 11
642 3302 11
3813 903 11
1325 3985 11
1257 4048 11
2940 1657 11
2632 227 11
3470 4032 11
665 1869 11
1146 3017 11
1003 3096 11
3657 2072 11
1312 2067 11
907 2399 11
1228 2931 11
1170 3536 11
1393 2750 11
3280 2410 11
248 1566 11
2981 2386 11
4086 1875 11
4040 236 11
642 2861 11
2293 3485 11
2177 1063 11
236 3838 11
1106 3420 11
3190 355 11
849 3918 11
985 2830 11
3885 3116 11
1900 1752 11
3057 2890 11
1958 2187 11
4051 1220 11
579 3817 11
1412 1690 11
3974 3510 11
774 3852 11
248 3118 11
2565 4108 11
1988 615 11
339 3392 11
2261 1698 11
2646 3526 11
776 3215 11
239 2011 11
3807 3139 11
3861 1825 11
1925 1585 11
4013 443 11
270 2700 11
228 2686 11
2823 1724 11
1319 676 11
2647 3833 11
2759 4086 11
2028 3562 11
1510 2859 11
1609 2850 11
3556 3113 11
2319 1051 11
1544 377 11
3251 2402 11
2267 1962 11
2788 695 11
3944 252 11
3678 3803 11
492 3745 11
3722 3067 11
1513 2716 11
3626 2266 11
1412 16 11
3005 3013 11
449 2813 11
1257 2405 11
1396 2165 11
3591 1149 11
1774 1203 11
1311 2759 11
1887 1585 11
1867 2165 11
3852 3896 11
2775 4051 11
2689 4118 11
1116 3710 11
728 3664 11
2586 685 11
1177 1490 11
1581 2632 11
2410 3280 11
32 3694 11
3077 2220 11
2775 1220 11
1582 2644 11
1004 868 11
1859 1469 11
2645 2223 11
2749 642 11
1780 834 11
1945 3713 11
3 503 11
457 1177 11
1473 708 11
1636 1928 11
2298 3979 11
175 1381 11
1025 830 11
1925 1025 11
1845 3644 11
713 2063 11
2360 1880 11
3549 2063 11
1490 1177 11
105 2833 11
3864 730 11
969 2968 11
1306 137 11
2501 1817 11
339 379 11
3644 1845 11
3211 1097 11
1138 2497 11
3635 1964 11
289 4049 11
3918 306 11
3379 3810 11
1173 3444 11
3554 3572 11
2689 1158 11
2405 4048 11
2089 3018 11
2833 1348 11
2702 2603 11
3144 443 11
3863 851 11
2859 4048 11
237 2189 11
2983 1409 11
3207 3272 11
1410 3225 11
1001 1859 11
823 4067 11
2153 4098 11
3853 2253 11
496 3540 11
1964 3635 11
728 3439 11
2010 3455 11
3120 3770 11
2067 368 11
972 1585 11
640 283 11
622 252 11
3017 1729 11
955 709 11
532 3713 11
2832 2487 11
4108 2194 11
271 3955 11
3596 1921 11
353 1396 11
3207 3932 11
1409 2983 11
3432 602 11
1003 2102 11
2398 388 11
2679 2180 11
3526 353 11
1958 368 11
3864 59 11
3183 3921 11
2442 3728 11
2686 2868 11
3369 2401 11
4118 1515 11
1451 105 11
1389 2482 11
1254 3953 11
4048 3116 11
3235 443 11
2487 2832 11
1663 1928 11
3662 2870 11
245 2625 11
2981 1099 11
30 3641 11
3545 647 11
2063 1821 11
3772 993 11
145 1247 11
529 1050 11
3444 1173 11
2687 1749 11
4063 2820 11
2775 3991 11
3528 1162 11
1778 1592 11
613 504 11
1544 1396 11
4004 1714 11
1257 1655 11
1515 4118 11
2282 1978 11
1116 739 11
3432 2243 11
1829 2384 11
816 2954 11
613 3973 11
2676 136 11
1566 248 11
3865 2437 11
3304 1510 11
2357 1758 11
2690 1728 11
1513 2175 11
3933 2163 11
2194 4108 11
3238 1585 11
2659 1544 11
2642 948 11
1315 2072 11
2953 256 11
1292 729 11
3749 960 11
2179 2028 11
1317 3116 11
2629 708 11
121 2177 11
1102 3153 11
2832 1617 11
131 3833 11
709 955 11
1585 1544 11
1887 3238 11
197 763 11
1544 2646 11
1281 1777 11
1201 2932 11
2296 81 11
2813 449 11
1087 3214 11
2482 3716 11
3553 2364 11
160 3377 11
353 1965 11
2239 529 11
3834 41 11
2953 94 11
1859 1001 11
2789 3768 11
1821 2063 11
2032 3772 11
3569 1386 11
3710 2182 11
709 122 11
3667 764 11
3353 3852 11
2401 3369 11
4048 2405 11
2942 58 11
2690 4010 11
3722 1022 11
2274 1098 11
1139 122 11
293 3096 11
1565 100 11
427 4001 11
3864 4060 11
2953 1046 11
2165 1396 11
622 256 11
1565 2920 11
1477 2625 11
3837 2517 11
903 632 11
2405 769 11
227 1135 11
2954 3236 11
1348 2833 11
2223 3394 11
702 137 11
2552 2434 11
3834 2641 11
3837 2522 11
59 2646 11
228 2615 11
616 2615 11
687 537 11
2853 2523 11
3432 2099 11
3379 1360 11
962 725 11
1777 1281 11
1573 3653 11
3918 849 11
1003 111 11
1139 3191 11
1063 2710 11
3272 3207 11
2099 3432 11
2067 1312 11
3977 2865 11
2153 2768 11
503 3 11
388 816 11
3233 2289 11
4048 368 11
1617 2832 11
1132 311 11
1622 2323 11
1004 2320 11
2287 3699 11
1210 3014 11
53 3096 11
1661 2485 11
2837 444 11
2588 907 11
3728 2442 11
2298 3529 11
1402 2081 11
3335 3065 11
3091 301 11
3342 576 11
1079 2775 11
1158 3200 11
308 3283 11
1585 972 11
3233 4097 11
1392 3772 11
2081 468 11
2559 1887 11
1510 3083 11
1950 1350 11
3017 1146 11
2143 2276 11
3722 3616 11
2064 2647 11
2859 2405 11
1887 1921 11
1804 2832 11
1925 3596 11
2710 2177 11
315 3130 11
2632 1581 11
236 4040 11
3547 1457 11
353 2646 11
729 1292 11
239 677 11
1921 1887 11
3526 3953 11
966 3236 11
2405 602 11
1508 1254 11
634 1933 11
427 2285 11
634 1615 11
1177 457 11
3921 3183 11
1402 3813 11
2405 2859 11
2853 3658 11
368 4048 11
4097 4042 11
1582 3017 11
1490 3654 11
2071 3280 11
2002 2623 11
602 2405 11
66 4028 11
1921 3238 11
2638 2171 11
3807 2584 11
4060 3864 11
2880 713 11
2582 1556 11
392 2068 11
3079 3711 11
1565 1000 11
1585 3238 11
679 2983 11
80 2403 11
695 927 11
3165 962 11
177 2839 11
3771 708 11
1087 1533 11
3455 2010 11
532 2391 11
4108 2481 11
148 1317 11
1387 973 11
2329 1196 11
3472 2406 11
4028 66 11
3005 2011 11
2402 2329 11
3076 576 11
3868 195 11
3342 3076 11
1395 1406 11
3190 3973 11
1964 1958 11
2517 3837 11
2853 2265 11
3778 922 11
1872 519 11
4086 2759 11
1281 3342 11
3772 1392 11
1127 2882 11
4123 2932 11
1116 1254 11
1880 2360 11
3635 1958 11
769 1257 11
1726 2716 11
1754 3449 11
3005 4015 11
3722 3721 11
2402 3251 11
1254 1508 11
2859 1510 11
1933 4087 11
3626 1120 11
2647 2064 11
2983 679 11
1281 1784 11
1766 1514 11
1784 1281 11
3563 660 11
2834 2452 11
1135 227 11
1926 576 11
2853 3273 11
1875 2759 11
148 1512 11
1661 1081 11
3833 2647 11
978 3828 11
3749 2997 11
2534 2123 11
1360 3379 11
2323 1622 11
739 1116 11
3225 3293 11
3094 1000 11
2144 1696 11
730 3864 11
851 3863 11
2517 2656 11
2481 4108 11
3453 1007 11
3967 410 11
2298 499 11
2162 2223 11
1866 1979 11
1138 2897 11
1825 3861 11
1025 1925 11
3728 2189 11
1512 2299 11
966 2954 11
1661 1357 11
1698 2261 11
3377 160 11
3771 3828 11
1995 1393 11
3811 1857 11
4027 4050 11
3083 1510 11
236 3526 11
1979 576 11
296 2249 11
4042 3558 11
1645 733 11
2690 3985 11
221 729 11
2267 1958 11
31 2148 11
969 705 11
165 3263 11
2158 1657 11
1050 529 11
4081 3096 11
227 2632 11
3526 2646 11
1087 3985 11
2778 3264 11
579 3017 11
768 1745 11
2731 2021 11
2010 2165 11
2779 3335 11
849 1599 11
148 67 11
2187 3635 11
1308 1278 11
1247 2673 11
529 2401 11
269 3556 11
468 1402 11
2481 314 11
2750 1257 11
2853 3249 11
3833 131 11
2437 3865 11
4042 4097 11
2753 3967 11
952 3464 11
379 339 11
3065 3335 11
3017 3228 11
3394 2223 11
2716 1726 11
3444 4004 11
3596 2063 11
2316 2187 11
3107 1453 11
3526 236 11
3953 2529 11
443 3333 11
2242 834 11
2446 249 11
1244 2254 11
3015 3657 11
2099 2243 11
1965 353 11
3338 1880 11
1112 2777 11
2634 491 11
781 314 11
3668 786 11
1395 2322 11
432 3961 11
2779 1712 11
2775 1079 11
2396 1867 11
3371 750 11
1125 2948 11
2189 237 11
3896 369 11
687 1817 11
2024 1464 11
2051 2276 11
1254 48 11
2015 1911 11
977 3267 11
2405 1257 11
1396 1867 11
2298 544 11
576 560 11
2177 121 11
1396 1544 11
3918 2991 11
2072 3657 11
3717 103 11
2779 3065 11
1565 4015 11
1029 3271 11
834 2242 11
3170 3833 11
1845 3973 11
2460 3335 11
965 1856 11
1412 2717 11
3772 82 11
2853 1007 11
2165 1867 11
1412 2101 11
2830 381 11
3546 1922 11
4108 314 11
2983 3539 11
3191 1139 11
2243 3432 11
2267 2187 11
2704 4087 11
3355 84 11
126 2559 11
4004 3444 11
1778 406 11
3722 1865 11
1188 3384 11
566 66 11
830 711 11
1585 1724 11
2603 616 11
1230 140 11
3217 3327 11
1393 1995 11
907 2588 11
2461 131 11
2081 660 11
2239 1050 11
3977 2657 11
2603 1492 11
2646 1544 11
1599 3918 11
3539 2639 11
1457 3363 11
1063 2177 11
1158 1348 11
3919 3741 11
2183 1729 11
48 1254 11
3496 2822 11
1253 2992 11
3813 660 11
3374 4006 11
3947 2855 11
3861 1417 11
2296 3819 11
1386 3569 11
2837 126 11
1647 1195 11
1669 140 11
1247 342 11
4140 84 11
1537 3759 11
3116 3885 11
613 1348 11
282 2529 11
2111 1749 11
3453 1606 11
3657 4060 11
353 4040 11
3570 4050 11
907 3116 11
2187 1964 11
2063 3596 11
833 826 11
3991 2072 11
1950 4060 11
2830 985 11
278 268 11
3200 1158 11
3749 526 11
3510 3974 11
3694 616 11
148 3570 11
908 3449 11
3973 613 11
2002 2461 11
2558 853 11
602 3432 11
2879 2243 11
729 1146 11
2010 3362 11
1396 353 11
58 2942 11
1393 2401 11
2187 2316 11
3369 2750 11
468 2081 11
1905 297 11
3363 1457 11
2646 59 11
1828 2710 11
3953 1254 11
1079 4051 11
2175 1513 11
248 66 11
2853 1459 11
3335 2460 11
685 2586 11
1729 3017 11
2552 1883 11
2882 3362 11
903 3813 11
2853 2290 11
48 3710 11
1497 2378 11
537 687 11
1004 695 11
3192 1483 11
3271 1029 11
3118 66 11
3570 148 11
2989 3241 11
947 2823 11
576 3342 11
1050 2239 11
1655 1393 11
3626 2594 11
3238 1887 11
3005 3819 11
1402 468 11
1643 4125 11
314 781 11
171 173 11
3807 2846 11
969 3891 11
3453 346 11
171 2485 11
3079 589 11
1928 1663 11
3191 122 11
122 3144 11
2180 2679 11
504 4118 11
53 1100 11
3716 2482 11
927 695 11
2021 2731 11
1254 3710 11
508 1311 11
2991 3918 11
1146 729 11
3005 1332 11
2912 211 11
504 1845 11
632 903 11
724 4042 11
1663 368 11
2378 1497 11
3116 1317 11
2710 1063 11
803 1149 11
105 869 11
1958 1964 11
524 1099 11
3225 1410 11
917 2336 11
2880 3549 11
1003 2834 11
655 1561 11
1945 1634 11
1228 2452 11
2644 3228 11
2623 2002 11
2142 3566 11
1196 1132 11
1490 1455 11
3203 1348 11
4048 769 11
3562 2028 11
2954 966 11
1655 1257 11
2010 1745 11
59 3864 11
695 1004 11
1624 3241 11
220 450 11
3626 2853 11
781 1712 11
368 1663 11
342 1247 11
2364 3351 11
31 3242 11
2063 713 11
769 4048 11
3540 496 11
248 113 11
3144 709 11
170 2610 11
3556 1726 11
140 1669 11
3852 774 11
616 3694 11
2565 1079 11
1497 160 11
2820 4063 11
120 3752 11
2868 2686 11
757 1278 11
457 1513 11
728 2097 11
1997 1759 11
2364 3553 11
563 1883 11
2177 1828 11
2673 1247 11
2853 3490 11
1828 2460 11
2534 3640 11
1516 3653 11
2165 353 11
1417 3861 11
956 2134 11
3837 2855 11
1003 3192 11
639 3768 11
3865 613 11
4048 1257 11
3351 2364 11
113 3118 11
3852 3353 11
3208 2832 11
616 2603 11
3470 2746 11
2639 3031 11
2235 2349 11
985 2479 11
2834 1169 11
3868 2007 11
3031 3539 11
2274 132 11
3228 2644 11
2479 985 11
3377 563 11
381 985 11
1019 1061 11
2239 2672 11
2329 2402 11
2759 1875 11
1513 457 11
3838 2378 11
576 3076 11
2759 1311 11
2434 3547 11
1188 1130 11
3967 2753 11
2099 342 11
2529 3682 11
1455 1490 11
1745 2010 11
185 2870 11
2328 100 11
1565 2618 11
1158 2689 11
713 2880 11
2559 126 11
2182 3710 11
2519 1749 11
4051 1079 11
1306 2594 11
3040 786 11
2165 2010 11
3749 1941 11
3950 750 11
1348 1158 11
2559 3238 11
774 3353 11
1507 1177 11
729 221 11
510 908 11
2859 769 11
3635 2187 11
1599 849 11
3113 3556 11
3076 3342 11
2837 3865 11
3453 3738 11
3144 3235 11
3813 1402 11
1729 2183 11
3417 1925 11
3810 3379 11
1585 1127 11
105 2207 11
314 4108 11
1311 508 11
1845 504 11
377 1544 11
2012 274 11
1308 3745 11
1393 660 11
33 3264 11
1585 1925 11
2401 1393 11
1965 673 11
985 765 11
3004 3444 11
177 1371 11
4118 2689 11
3988 1514 11
3238 1921 11
830 1025 11
1087 681 11
368 2067 11
2223 977 11
2360 2223 11
2853 396 11
122 3191 11
1724 2823 11
3554 830 11
3065 1712 11
3657 3015 11
2853 2980 11
205 2925 11
1512 148 11
1308 573 11
1348 613 11
2750 3369 11
3853 1673 11
3362 2882 11
105 1451 11
660 3563 11
1867 1396 11
2766 1881 11
2710 1828 11
3984 2008 11
1921 1585 11
2859 1655 11
3918 680 11
310 1933 4
1407 2656 2
3255 564 4
936 3094 2
292 2144 2
3242 108 8
2010 2331 2
3819 2785 8
3413 2870 4
1505 1097 8
1897 2855 4
2471 2920 2
1905 2475 8
1095 2656 8
3401 2171 2
185 442 2
2132 3628 2
3074 1945 4
1345 3662 2
4001 427 4
245 3391 4
1609 3467 8
3348 1398 2
1 1988 2
471 3170 2
2991 3423 2
1366 1297 2
2926 2177 2
1127 2771 2
1051 156 8
711 860 2
4123 3545 8
2853 2266 8
2380 2834 4
3353 1635 2
1682 1332 8
2798 3811 4
927 3500 2
1648 283 2
1884 1003 4
2417 33 2
1933 1735 2
1953 2834 2
738 145 3
1268 1102 4
3979 3733 4
2339 111 4
608 1777 2
3266 282 2
3923 1508 2
2300 3394 2
1555 3118 2
362 1317 2
3394 2300 2
1278 786 8
33 3350 4
60 348 4
186 1173 2
1840 2265 2
257 3026 2
1778 938 4
3834 1355 2
1240 2256 4
1683 3126 8
3719 1003 4
2748 427 4
3632 3616 2
2412 74 2
2223 921 2
757 1266 8
1986 3834 4
3950 6 10
2997 76 8
1106 3994 8
2853 2419 8
3860 2153 2
289 555 4
3512 3649 4
4094 1905 4
3453 3032 2
2939 2238 4
2704 3634 8
3181 221 2
3583 4013 2
1144 2775 2
3426 1051 4
770 1583 7
3892 427 4
1072 2143 4
52 1905 4
1115 1758 4
771 2853 4
672 3955 2
3297 2779 2
3500 927 2
1792 3616 2
2422 3745 2
2998 1661 4
3079 1816 8
2014 2593 2
1353 2089 2
1299 1098 2
3738 3250 2
1661 1896 2
1346 1740 4
3089 3558 0
2776 3668 2
3853 1294 8
3836 4096 2
1464 3054 2
680 584 2
3618 2610 4
3214 3360 2
3349 2997 4
3371 1298 8
376 3153 8
3322 1247 2
594 1003 4
1285 2405 2
2497 2606 2
180 3834 4
1674 3746 2
3204 3378 2
3944 2828 4
210 2186 2
204 2936 4
1557 111 4
2690 540 8
1917 3596 2
1098 3443 2
3850 30 2
80 393 4
1905 2312 8
1447 724 2
2610 129 8
3745 619 2
1281 133 2
1945 3424 8
2656 421 2
1988 971 8
450 3597 2
1175 1609 4
2936 745 2
3881 4089 2
2645 4085 2
1165 3529 4
2834 1504 2
2416 197 4
3535 1609 4
132 2265 8
2942 2184 2
2979 2537 2
1291 2143 2
1577 2254 2
3262 2853 4
1562 2193 2
1308 783 8
1003 2927 2
847 853 8
3977 2431 2
377 1760 4
770 1860 4
1300 3664 2
3371 720 2
3002 3984 2
3728 810 2
2912 3972 2
2654 3710 8
96 2778 2
1857 1267 8
923 3957 4
1912 2766 2
319 2068 2
3174 3853 10
16 3330 2
1459 1987 8
3258 3453 4
3607 301 8
1340 1003 4
2493 3413 2
3802 443 2
1715 3055 2
1905 733 8
2806 1905 4
1383 2853 4
3919 596 3
3851 685 2
1905 719 8
2426 2163 2
348 595 8
3249 873 2
2338 865 2
2149 269 2
3120 3766 8
3711 2691 8
2789 3768 8
3224 1933 2
2853 1802 8
2077 1459 2
3661 427 4
2652 1262 2
1855 170 4
1153 1661 2
2064 704 2
3717 2379 2
2143 2737 8
1003 4088 8
1481 809 8
956 4017 2
4029 323 2
1392 1773 2
2038 1087 2
463 3662 2
2386 3660 8
3778 424 8
2548 2143 4
2271 3507 4
534 1219 4
4030 3999 2
183 1900 2
3126 3847 2
2236 2446 4
1481 3268 2
1003 3859 8
4084 3490 2
3040 3495 10
1987 1459 4
3486 30 4
2039 121 2
614 2981 2
675 100 4
4089 2078 2
2143 2234 8
953 2610 2
36 2690 4
2633 1933 4
396 2735 2
3984 2547 2
3664 2147 2
1319 2268 8
170 2690 4
3094 4038 4
1219 1733 4
3211 4012 2
677 3720 10
2000 803 2
2714 3339 2
2073 2134 8
17 573 4
3158 2162 0
3241 3386 2
2362 1581 2
3544 2690 4
2421 2791 0
3784 1228 2
3608 249 8
2446 3605 8
3853 1129 8
3745 2521 4
2925 3101 2
2407 177 2
3811 1857 8
3241 2383 8
1483 3814 8
1725 321 2
3757 3105 2
2545 1865 8
3723 2328 2
2775 1144 2
2181 427 4
1475 3413 2
2375 467 4
3745 4055 2
111 3400 8
2143 3463 8
1002 2446 4
2079 2704 4
2880 3962 2
224 1170 2
2656 462 2
713 3675 2
149 1228 2
2143 1478 8
2143 293 8
3063 3165 10
1707 2460 2
531 2558 2
1864 1019 2
4123 2150 8
3778 3168 8
1945 3074 8
2287 2409 8
1926 3465 2
2271 2922 2
3778 2762 8
686 3371 4
2647 1213 3
2446 2455 8
1281 2392 2
2022 3721 2
1975 2669 2
472 1292 2
3026 2350 8
3853 1314 8
3697 3984 4
223 1845 3
2429 615 8
3499 2917 2
3249 2784 4
1701 3094 2
705 117 2
634 1338 8
1926 2718 2
1582 855 2
1051 277 8
2446 2342 8
1095 1098 8
2106 2989 4
3763 3768 2
1151 826 3
1424 2676 4
2834 3600 2
629 2910 2
1306 137 4
3667 3415 8
1867 400 2
3105 3757 2
1804 548 2
564 2688 8
3026 2812 8
1609 2857 8
3704 2054 2
3170 471 2
1937 729 2
2060 37 8
3826 681 2
3145 543 2
555 3220 2
1022 3256 2
3144 2209 3
1087 2038 2
3834 3617 8
2968 1560 4
3578 570 2
3211 1462 2
650 4098 2
2293 428 8
1674 3512 2
2166 892 8
235 3079 4
939 3947 2
2855 3389 2
2605 622 8
283 3096 8
1198 2296 4
8 3834 4
1894 3834 4
3808 1051 4
396 612 4
1928 3680 2
2967 2586 2
3367 1958 2
1933 2422 2
1666 2102 2
1778 2685 2
1131 555 2
2131 110 8
3299 2853 4
518 2537 4
851 2136 2
2850 459 8
1874 4086 2
3822 109 4
2809 4045 4
2024 2818 8
1638 2410 2
3069 278 2
1191 883 4
1873 2386 8
2268 1319 4
1613 1533 8
1758 3066 8
3711 295 2
2708 3738 4
3903 2789 2
2293 864 8
2 1878 4
1878 3523 8
3039 2652 2
2499 2610 2
492 2346 8
2021 88 2
962 3886 2
533 1097 2
3197 1269 2
3517 152 2
3450 427 2
3923 1869 4
2075 1079 2
2241 2813 2
2688 564 4
1492 190 2
3520 3369 2
3545 2462 2
1583 770 0
2329 273 2
2411 1872 4
1241 1922 8
1609 2307 8
1188 1807 4
1319 3816 8
1003 2946 8
679 1448 2
1325 2640 8
3461 2172 2
2136 3863 2
202 1064 2
1051 3937 10
2285 2355 2
3485 637 4
887 782 2
2143 307 8
1022 2745 2
4046 2850 2
1321 3991 2
3128 2131 4
1581 2621 2
3211 2626 10
1988 1261 8
4066 3394 3
2997 378 8
3612 1624 8
499 3867 4
772 2629 4
526 2878 10
1119 1239 8
1609 2293 8
1974 185 4
366 3241 2
510 3313 8
2082 3420 2
3957 2680 8
3870 3342 2
3307 3094 4
2446 2814 8
3662 4136 4
2593 2515 2
762 1565 2
1332 1905 4
2097 1236 8
2115 1632 8
197 2693 2
3764 2994 2
1744 1988 2
2286 1645 2
2532 30 4
177 1444 2
3791 1631 2
824 4127 2
2208 2250 2
2396 2109 2
3859 1003 4
3550 770 2
3190 2549 2
2068 513 8
952 1536 2
1955 2488 8
3545 1862 8
1267 1857 4
2089 1353 2
98 2853 4
153 1481 4
0 2242 2
3114 3005 4
3384 1686 2
3949 1308 4
4123 2807 8
676 737 2
2387 2853 4
137 910 2
43 2953 2
557 2357 2
3678 3483 4
2839 2650 4
2890 1494 4
2691 3711 4
34 2446 4
3717 866 8
406 2542 7
33 511 2
1601 126 2
2258 3834 2
3837 2131 4
2963 629 4
2644 3300 2
2853 203 8
921 2223 2
3853 3152 8
2862 1003 4
2820 1795 2
2811 3853 4
177 3390 2
2414 2089 2
1130 2568 2
629 2356 8
2558 531 2
3470 1791 2
3853 3966 8
1988 1559 8
1146 2867 2
1470 3853 2
2218 3351 2
1937 1292 2
3935 1740 4
2115 72 8
1885 881 2
807 2853 4
652 2378 2
3421 2808 8
3977 933 8
2738 1297 8
4096 3836 2
3211 3246 8
3938 1004 2
381 835 2
3834 1894 8
2853 3284 8
283 617 8
1379 887 2
1453 3576 8
978 997 8
445 3251 3
4123 1956 8
2997 182 4
134 3628 8
2143 167 8
3175 2789 2
1560 2968 8
1508 473 2
2334 3745 2
3834 3688 8
636 1295 2
3773 3490 2
1459 2321 8
3921 1842 2
1003 1540 8
767 1971 2
2435 2789 2
4121 348 4
1537 1293 2
239 3166 2
1159 684 2
1585 1183 2
1308 1164 8
4076 1988 2
2158 726 3
3005 4061 8
1477 3159 2
724 1447 2
2143 187 8
1955 967 8
2704 3751 2
2853 3122 8
2390 2068 2
3881 684 2
408 3865 2
690 960 2
3037 2446 4
277 1051 4
1756 579 2
374 177 2
824 1206 8
2572 1945 4
3242 2029 2
3978 1717 2
3811 1733 4
1920 3263 2
1868 1988 4
1637 2452 2
986 1905 4
879 1889 2
901 2452 4
106 3512 4
154 2143 4
2850 2742 2
1003 554 2
2143 1836 8
1003 891 2
1177 943 2
2883 3740 2
3496 2827 2
1758 1078 2
2110 2328 2
2195 1041 4
1003 2831 8
2652 455 8
1254 1612 2
3834 648 8
1845 223 3
2200 185 4
1412 1179 8
2144 507 8
1389 3956 2
3991 1321 2
2526 1933 2
3014 2709 2
922 4082 2
1254 382 2
661 2632 2
2296 722 2
2083 3757 4
243 3241 2
594 1720 8
764 3667 4
2936 1924 10
887 859 2
75 377 5
726 2158 3
3679 2271 4
1774 741 2
2446 1422 8
2652 3416 8
1091 705 2
1003 3698 8
3626 2543 8
2989 3695 8
3597 450 2
4074 4118 2
3430 1606 8
1269 3669 4
3525 2011 2
3820 432 4
1215 2348 2
2357 557 2
3740 3700 2
3467 1609 4
2412 1996 8
3374 3841 8
2406 824 4
1403 3413 4
818 1308 4
172 2652 4
2139 2012 2
1778 3939 2
3435 3004 2
1971 767 2
3329 673 2
1686 3384 2
1390 2853 4
3984 3742 2
1872 1878 4
3626 2611 8
2972 570 2
2872 1609 4
278 976 8
2303 2537 2
1483 1699 2
3242 1587 8
2592 1010 4
3055 3080 8
1474 2564 2
875 560 2
2882 934 2
2821 2163 8
46 1905 4
3729 3371 4
3699 924 4
3785 2434 2
770 804 8
1093 2143 4
1810 1003 4
1945 322 2
510 2451 8
274 4026 4
4072 467 4
1905 2763 8
962 2176 4
2317 3853 10
1887 3693 4
1202 2143 4
1519 3778 4
137 3667 4
4057 3899 2
119 4006 4
467 2854 2
952 3809 8
4032 258 2
2222 1459 4
3478 2144 4
2646 1150 2
2700 1446 2
863 2911 2
4078 1976 2
1905 52 8
2040 2144 2
1143 2789 2
391 2131 2
3207 1858 1
2341 1624 2
3241 867 2
1573 176 2
1193 283 4
2115 3573 8
1351 1219 4
2936 1832 2
275 1397 8
2446 4056 8
3153 522 2
30 509 2
2216 824 4
1594 1955 10
643 3690 2
3165 2681 8
2844 2446 4
2853 3216 8
2570 3055 2
990 2912 2
2746 2937 2
573 247 8
1458 2690 4
3843 1188 4
427 2805 8
3920 634 2
3282 1933 4
778 100 2
3643 1754 2
2035 30 4
2792 695 2
347 1410 0
2452 2143 4
1341 2690 2
3891 754 8
2880 354 2
1609 592 2
728 1963 8
1199 728 2
3106 564 4
538 2559 2
239 2723 2
2768 2852 4
7 4126 8
217 1988 4
882 1244 2
3768 4016 2
532 4007 2
806 3813 2
3079 589 8
2639 93 2
3834 2170 8
466 1459 4
1315 19 2
3813 1284 2
1483 2845 2
3995 177 4
2910 629 2
2166 1589 2
2321 1459 4
2851 2271 4
2850 458 8
1003 1966 8
1292 1937 2
3641 2896 2
190 1492 2
629 21 8
2752 2143 4
153 2537 10
458 2850 4
607 705 4
1003 2055 8
3217 3795 2
1912 1881 2
1865 2545 4
3027 3079 4
1276 141 2
239 623 2
3999 4030 2
2944 524 2
1022 1686 2
2368 615 2
427 3661 8
489 3348 8
3564 1003 4
2610 26 8
3184 1007 2
640 796 2
1473 2988 8
823 3292 2
991 2853 4
3091 791 2
3834 1775 8
3777 140 2
1228 149 2
1905 4107 2
714 259 2
705 607 8
2941 112 2
2282 1204 4
2796 2011 2
3691 3853 4
1905 1332 8
3799 491 2
1271 2296 4
2823 1629 2
3837 391 2
1210 2694 4
3465 1926 2
3454 1119 2
2819 952 4
528 1872 4
1064 2966 4
1473 1224 2
275 1418 8
2834 2088 2
2058 3834 2
1319 1706 2
1397 275 4
3539 2202 2
681 3270 8
2665 3999 2
1905 1782 8
2391 532 4
3571 3005 2
423 960 2
680 3879 2
943 4098 8
1735 1933 2
1833 122 2
548 1804 2
3116 502 2
3126 337 2
3075 1857 2
3078 2285 8
57 1933 4
1941 2423 2
3268 1481 2
1003 3839 8
2060 2246 8
564 2128 2
1905 2736 8
2423 1941 2
3645 3853 4
4125 1110 2
2551 2386 4
2386 2770 8
1653 1925 2
2012 4026 8
3288 865 2
2825 1098 2
301 3607 4
3607 1787 8
2395 152 2
3275 1106 4
4045 2655 2
2816 3853 4
994 2143 4
3733 3979 8
2930 1865 2
2237 2861 2
2854 467 2
1946 3176 2
814 3852 2
524 2944 2
3436 1389 2
478 1698 2
2091 492 2
1734 564 4
1890 3362 2
2564 2652 4
1740 3365 8
45 3302 2
1453 486 2
4089 2432 8
238 2853 4
3662 2074 2
2938 1208 2
2446 2993 8
1060 1733 4
2143 1989 8
532 2982 8
3758 3040 4
918 2446 4
390 275 8
2657 2278 2
705 3702 2
2003 3745 4
1215 2313 2
1933 1723 2
3504 2265 4
1008 1004 2
2677 1003 4
2989 2295 2
2834 1363 2
2636 3394 2
1662 3862 4
1609 582 8
1837 2661 2
1754 3643 2
3546 836 2
2381 2194 3
2492 4010 2
2310 3300 2
2690 1705 8
1913 4027 2
4026 4123 4
358 1203 2
1940 2386 4
321 1725 2
3834 3703 8
3422 1609 4
3542 3834 4
1573 1250 2
3229 1097 4
2568 1130 2
1506 130 2
1878 2196 2
275 39 8
3273 470 7
1051 3121 8
3660 2386 4
3161 879 8
3738 3453 4
210 3511 2
412 3005 2
3947 1517 8
38 1571 4
271 2144 4
663 1106 4
3974 1413 2
2853 3434 8
1416 2853 4
3827 3204 2
1778 2505 8
3115 1945 4
3708 1818 2
513 2068 4
969 1952 4
213 3490 0
411 444 2
141 3442 4
1945 3115 8
634 2284 8
3887 2162 2
3853 2816 8
1696 3021 8
3502 3228 2
3693 1754 8
2867 1146 2
2288 2652 2
892 2166 4
514 415 4
1905 3112 8
3988 899 2
3125 3566 2
3939 1778 2
995 1881 2
1661 3295 4
1905 2522 8
1184 1087 2
1021 2158 2
2655 4045 2
2682 2957 2
4123 1850 2
3177 3453 4
420 1119 2
917 283 4
3079 3940 2
4007 532 2
3606 3979 2
3370 2673 3
1562 1952 4
742 32 2
2097 373 8
1003 542 8
3615 2143 4
1316 3374 8
1490 1101 2
185 1797 8
3409 2936 8
3493 1132 2
688 768 2
2648 1003 4
4089 3881 2
2284 634 4
3895 2559 2
1952 969 8
3313 510 4
3455 2520 2
2670 2610 4
3765 306 2
3601 2585 2
1905 922 8
3120 2969 2
3395 1933 4
1236 2097 4
2143 2197 8
1003 3951 8
1925 1839 2
3670 3927 4
1119 420 2
1757 3293 2
2011 384 2
3130 3475 4
1878 1864 2
2641 1059 2
4013 1465 2
751 2822 4
1740 1082 8
3499 469 2
166 2656 2
519 1567 2
3695 2989 4
2853 1733 4
2630 3233 2
232 120 2
67 3376 2
1331 3061 2
1097 3211 10
1387 2605 4
451 2089 4
3048 629 4
1579 168 2
2997 3349 8
1564 1238 2
185 505 8
2289 3795 2
3626 2853 4
2029 2656 2
2953 1609 4
77 846 4
1183 1585 2
4114 1003 4
3079 3650 8
150 1817 2
952 2819 8
1179 1412 4
73 1609 4
3469 4115 4
2386 2343 2
2537 364 2
2143 3734 8
1562 1934 2
1060 1400 8
1869 3923 8
3837 2496 2
432 1232 8
69 3055 2
1717 3978 2
3294 1396 2
210 2806 4
1933 1147 8
1207 2704 4
3474 684 2
4045 590 2
2116 966 2
1609 1489 8
2690 2178 8
3778 3786 8
3834 2696 8
348 3281 8
1832 2936 2
1814 3853 4
1531 3308 4
2115 1307 8
1237 634 10
3853 315 8
3545 4123 4
3331 383 0
2363 3719 4
1273 3752 2
1630 111 4
2610 2506 2
1010 2093 2
2403 393 4
1548 2610 2
297 1988 4
878 1051 4
2789 3175 2
2335 313 2
670 1988 2
2230 2853 4
3267 657 2
1283 1933 2
2134 2073 4
256 957 2
2479 633 2
1900 3686 10
1041 1668 2
2567 1003 4
1880 699 2
1565 3087 2
1984 3485 2
542 1003 4
3709 1481 2
1722 1003 4
233 2293 4
249 3608 4
454 239 4
2209 3144 3
2313 1215 2
3421 1233 2
4131 2310 2
893 3778 4
1481 3901 8
1098 1095 4
1041 3163 2
1459 2853 4
197 2743 8
2598 1459 4
3449 2427 8
1580 2610 2
15 2144 4
4023 978 8
262 846 4
4049 938 4
3828 857 2
4123 1957 8
3834 180 8
2015 3326 2
3924 2911 2
1593 4015 10
3834 2433 2
526 2706 2
1958 3367 2
3374 1316 4
4001 3441 2
2634 3799 2
3833 4137 2
2092 3241 8
1578 3470 4
1205 1007 8
1647 266 2
3193 1988 4
3415 3667 4
1239 1119 4
3888 1680 2
2656 2577 2
2365 532 4
196 113 2
931 3562 2
1483 1206 4
3988 897 8
3931 1740 4
130 2251 2
2328 3723 2
3957 2145 2
1065 945 8
2993 3302 2
3518 1195 2
1933 2091 2
283 4135 8
3704 2129 2
2510 3674 7
2914 2271 2
3804 2024 8
1323 283 4
1087 874 2
2700 2893 2
2687 3010 2
117 705 2
3079 3398 8
3745 2125 2
803 2704 4
3819 3419 4
394 151 4
3797 3834 2
1215 2541 10
518 1481 10
86 2669 2
4087 1933 4
1003 1722 8
704 2064 2
1651 3947 4
4018 4089 2
3834 3149 8
2250 2480 2
3420 3356 8
4075 2853 4
2522 1905 4
4011 2182 2
519 1089 4
3852 1551 2
1798 432 2
3605 2446 4
4026 2012 4
227 2896 2
2875 1669 2
782 887 2
952 2470 10
1791 4032 2
3687 1246 2
978 2127 2
3083 798 2
2690 2590 8
3192 3980 10
1003 4114 8
1707 3335 2
3236 3368 2
4085 2223 2
994 3716 2
2617 197 4
3853 1303 8
2853 862 8
3495 3040 10
3236 2829 2
1290 2897 2
3192 3497 2
545 2669 4
3207 3900 4
2763 1905 4
3028 1003 4
2264 2115 4
2137 111 4
348 60 8
1051 831 8
3584 978 2
3853 367 8
2249 2561 8
2221 1246 4
2871 3662 2
2742 2850 2
1003 911 8
344 308 8
1609 3036 2
1212 3834 2
2277 1003 4
1104 3485 2
3191 1718 2
634 1237 10
2919 1609 4
725 1376 2
25 2850 2
3624 1905 4
273 2329 2
830 2891 2
870 3005 4
1420 1003 4
256 1529 4
1319 3873 2
1292 472 2
3265 616 2
1462 3211 2
2023 589 2
3379 3914 2
3952 1003 4
1293 1537 2
3302 2966 2
348 4121 8
4035 3417 2
1112 3848 2
846 77 8
1317 362 2
3988 2805 10
2624 1102 4
628 2337 2
476 132 4
797 1945 4
3098 1367 8
3280 559 2
922 2458 8
2690 2227 8
1916 427 10
2652 172 8
2917 3499 2
3195 2451 10
1211 1933 4
283 723 2
840 3817 2
3419 3819 8
1919 2446 4
952 349 4
2669 86 2
4115 1024 8
1347 1905 4
1794 2097 2
2936 204 8
3051 2853 2
1459 2077 2
1003 1495 2
3710 731 2
205 1437 8
2537 489 4
328 275 4
2874 1531 2
214 185 4
1106 2583 2
3211 2152 8
3933 777 4
2927 1003 2
4070 3635 2
2966 1022 8
1733 1766 8
3628 3651 2
2412 1871 2
2688 2250 10
4083 2594 2
1905 3397 8
3018 283 4
3101 2925 2
2460 1692 2
3577 2638 2
377 3982 5
3496 890 8
3834 207 8
3746 1461 8
1003 3854 8
2001 1905 4
3489 2293 4
4 3005 4
2066 3717 2
298 3717 2
2131 2517 4
3452 3563 2
3096 2635 2
1817 150 2
4110 1905 4
3165 2174 8
1608 91 8
1904 881 2
3327 3665 2
2853 2550 8
526 1166 4
27 2925 2
251 3374 2
3354 767 8
3300 2644 2
546 2610 4
877 1609 4
3716 3318 2
3819 2574 2
2537 1481 8
2201 3950 2
2955 1098 2
293 3965 2
3356 3420 4
1436 2644 2
1024 4115 4
4096 1927 4
636 2124 8
4065 702 2
881 1885 2
2656 1569 8
2011 3525 2
2144 2377 8
1848 824 4
1988 889 8
960 2389 8
1326 1828 2
700 1301 8
1942 283 4
3242 31 4
629 1827 8
3877 2912 4
3675 713 2
1534 3569 2
1962 3050 2
2676 1282 4
567 348 4
2806 210 8
2704 1822 8
432 2204 2
2585 2026 4
332 1958 2
4092 2853 4
278 2571 8
1094 3453 4
3470 516 8
229 256 2
377 64 1
562 2292 2
4103 3130 4
2298 3853 4
3568 2638 2
2131 3128 8
1905 3117 8
1170 1943 4
3593 348 2
4122 1566 2
2386 431 8
2652 2564 8
185 1977 2
2182 4011 2
2176 725 8
3384 1421 2
4100 2115 2
3260 2265 4
3545 647 8
2559 1190 2
964 1825 2
2452 1637 2
2145 3957 2
3853 401 8
3756 355 2
1247 3322 2
2940 1180 2
30 2532 8
1822 2704 4
85 564 8
3079 430 2
1672 846 4
1348 3315 2
1434 3200 2
2057 1046 2
2629 3352 4
1905 2001 8
1295 2981 2
156 1051 4
3214 591 2
1988 287 8
3667 415 8
2642 2773 8
2254 1584 2
1231 427 4
1988 3240 2
2521 3745 8
2641 1258 2
2436 2690 4
232 639 2
2265 1527 8
306 286 2
4124 1516 2
1319 570 2
1219 413 8
2233 2936 2
1045 1469 2
2537 2979 2
595 348 4
421 2656 2
3834 1212 2
1758 753 8
885 171 4
3954 3040 4
2285 3482 8
2408 2446 4
1842 3921 2
1003 1420 8
794 900 2
2033 185 4
64 377 5
4016 3768 2
2097 1794 2
21 629 4
3831 438 4
3470 2755 2
3192 111 4
2656 1666 2
3717 4064 2
629 1973 2
3823 1387 2
283 3872 8
1609 3418 8
3406 1041 2
3664 1199 2
221 2619 2
3662 1399 2
2170 3834 4
3741 1109 2
3811 2798 8
2656 3970 2
2293 3489 8
1127 3136 2
4013 3583 2
432 1672 10
2251 1282 4
2453 881 2
181 3371 2
3097 1246 4
3982 377 1
2143 1202 8
1386 3824 2
1257 2056 2
1957 4123 4
1907 849 5
1686 1022 2
3739 1571 8
2610 1548 2
3778 2865 8
1770 4060 2
1240 350 2
3104 824 4
3360 3214 2
1872 1414 2
97 3176 2
272 1487 2
2920 2471 2
2941 2315 7
4056 2870 8
1325 827 8
144 3853 4
1233 3421 2
2167 221 2
30 1485 8
1661 3042 2
2373 589 4
2157 3 2
3834 1985 2
4132 160 2
3766 3120 4
2143 1449 8
4027 1913 2
3540 347 7
1636 418 2
44 2271 4
1120 1057 2
2990 1696 2
3721 4002 4
382 1254 2
1681 2359 2
192 2024 2
2815 2853 4
2813 2241 2
3475 3130 8
3671 3853 4
1065 1003 4
4119 3664 8
3857 1905 4
2220 2704 4
4091 636 4
748 2936 2
1404 2853 4
2936 3687 2
30 2327 8
2296 1426 2
4019 948 2
1778 1983 8
3414 2523 8
1003 1810 8
2762 3778 4
526 2915 8
2729 3005 10
231 4045 2
549 580 10
453 467 4
1119 1431 8
2827 3496 2
3331 2601 0
1963 728 4
792 3961 2
491 2690 4
2045 1246 2
1905 1368 8
2296 1271 8
2564 1474 2
1308 1003 4
2282 2311 2
221 2167 2
1733 3950 8
824 2216 8
1245 1481 10
801 837 4
388 1026 2
2834 1509 2
1325 2562 2
2837 1017 2
402 2853 4
2981 2877 2
956 1905 4
2276 2143 4
3853 29 8
696 301 4
2793 2115 2
2902 2446 4
1645 1087 10
1905 606 8
31 2029 2
1933 2526 2
357 2656 4
360 2249 2
1661 1153 2
2338 1046 2
3135 1537 2
1258 2641 2
3421 3052 2
671 1007 4
4050 1411 2
3957 3169 8
628 610 4
1776 776 2
3005 1733 4
3853 3261 8
3371 1761 2
1480 573 4
2853 3646 8
1046 3364 2
1720 1641 2
3638 2853 4
2834 2380 8
3555 3453 4
30 3210 8
2529 3212 2
558 2690 4
1816 3079 4
2877 2981 2
2946 1003 4
1003 1884 8
31 1503 8
1227 1106 4
112 2941 2
278 327 2
1634 1665 4
2006 3225 2
2690 2436 8
1003 2787 2
1643 1671 2
2126 2143 4
736 3067 4
13 2936 4
541 2142 2
4081 2712 2
3780 570 2
1988 674 8
1106 954 8
275 3674 7
1705 2690 4
565 1188 4
2585 658 2
1778 535 8
3560 3834 4
1217 3641 2
3049 2610 2
3056 2565 2
94 1929 4
3165 494 2
2256 1240 8
3005 2070 8
2853 3630 8
1226 177 2
2853 500 8
1436 2310 2
2714 35 2
210 90 8
3636 952 4
3738 3908 2
4140 951 2
3975 2676 4
102 2441 2
744 1829 2
2982 532 4
952 254 8
2012 371 8
2098 2446 4
1624 1310 2
1895 1406 2
3654 3506 2
1070 1106 2
2053 2853 2
1119 3551 8
4081 3196 2
821 1459 4
3147 716 2
3165 3063 10
2634 2690 4
1905 1347 8
1003 2840 8
3853 498 8
1187 2143 4
848 629 4
3052 3421 2
2011 2297 8
2034 479 2
505 185 4
2853 40 8
271 3890 2
1806 1209 7
1051 3198 8
28 1988 10
3498 1556 2
1592 2591 2
1645 3666 8
100 2328 8
970 2839 2
1866 1223 2
635 2558 2
739 3830 2
2446 2902 8
113 196 2
2766 800 2
222 1007 2
82 1168 2
2156 1051 4
185 83 2
1900 427 4
1665 1634 8
3389 4123 2
428 2293 4
1687 185 4
791 3091 2
3333 169 2
3158 3464 0
3727 3490 2
3567 1396 3
2329 1324 2
681 2888 2
283 4113 8
1265 2446 4
2293 1609 4
3202 1061 2
2257 1905 4
1003 157 8
1111 1483 2
2287 1846 8
2652 2288 2
287 1988 4
3635 332 2
1642 3668 4
967 1955 4
952 2038 2
1790 1905 4
3835 468 2
137 975 8
111 2741 8
555 1131 2
3068 1879 2
1950 3743 2
348 3883 8
1090 7 8
2279 3947 4
3738 1148 2
3068 2584 2
2242 0 2
573 2962 8
1977 185 2
3834 8 8
4002 3721 8
2330 3214 8
1494 2890 8
415 514 8
351 1149 8
965 3033 2
1905 4034 8
16 2780 2
2909 3490 2
3546 3552 2
3955 672 2
4017 956 2
345 1097 2
2656 3673 2
1976 4078 2
1303 2537 10
4123 89 8
1869 787 4
3865 408 2
3109 532 4
132 3776 8
992 2115 4
160 4132 2
2467 2604 2
3957 603 8
3683 1766 2
1148 3738 2
2977 2853 4
493 3026 2
230 3682 3
2987 2920 2
3251 445 3
2876 952 2
1343 2101 4
1545 3711 4
2143 427 8
3703 3834 4
974 2012 4
2989 1123 2
3834 3825 8
2143 2046 8
1041 583 4
2929 2936 4
3005 356 2
2836 2144 4
3287 1905 4
116 2690 4
3144 1588 2
290 3853 4
1246 746 2
3243 1905 4
1905 3459 8
4079 3717 2
1140 709 2
588 3977 10
1558 3853 4
177 2757 8
3403 406 8
3485 958 2
3746 694 2
3630 2853 4
427 1900 8
4010 2826 2
3900 3207 8
3945 1945 4
1106 644 8
564 1734 8
580 3041 2
829 2271 2
2012 678 8
1064 1322 8
3396 492 4
555 1826 8
1872 528 8
2942 3893 2
1736 824 4
1813 1609 4
2920 2987 2
3853 3099 8
3278 1616 2
1246 3930 8
1532 4108 2
1802 2853 4
1423 2360 2
532 2984 2
2502 185 4
2483 2936 10
3127 1483 2
3319 1609 4
2386 2117 8
1698 478 2
1255 3834 4
3563 3452 2
1543 1453 8
4048 1013 2
3041 580 2
2680 3957 4
2969 2024 2
1088 1130 2
132 1032 2
481 2265 2
393 80 8
2544 3740 0
348 2308 2
978 1200 8
2558 635 2
2989 822 2
3840 3153 2
1905 3996 8
1950 1700 2
2853 22 8
3036 1609 2
1199 3664 2
132 2799 8
699 1880 2
3185 3730 2
1929 94 8
1182 1609 2
2341 2989 2
3717 721 8
330 1260 2
101 1306 2
2814 2446 4
1650 115 2
2310 4131 2
3916 256 4
1003 3429 8
2418 1319 4
1825 2050 2
3413 414 8
1389 3436 2
1394 3057 2
3211 2666 4
1173 186 2
3957 4053 8
2235 1689 2
2853 1463 8
1735 2834 2
1604 3362 8
2294 1872 2
3025 1581 2
881 1904 2
1881 800 2
1934 1562 2
1325 599 2
805 3241 4
2849 1007 4
1806 3968 2
3770 4115 4
1777 608 2
1905 3874 8
3060 3079 4
3716 994 2
430 3079 2
3686 1900 10
1572 1925 2
3226 1573 2
3834 359 8
811 1079 2
3546 1501 2
561 66 2
3507 2271 8
1607 636 2
1778 2465 2
1861 573 4
1228 1740 4
2703 1609 4
3532 3094 2
865 4121 4
2805 427 4
3988 2474 2
2018 769 2
3713 2663 4
1463 2853 4
2328 2110 2
2705 275 10
2869 4063 2
1229 2115 2
2922 2271 2
684 199 2
604 2908 4
3742 3984 2
2249 296 8
246 1098 2
184 2180 2
3080 3055 4
2405 501 2
4081 1003 4
2537 3227 8
687 50 2
2992 1910 2
1503 31 4
3171 2995 4
2685 2585 2
245 3599 2
179 2853 4
3588 639 4
2271 2914 2
1172 1933 2
1371 177 4
3919 2477 2
3040 2086 8
2089 3487 2
1845 1738 2
1501 3546 2
2925 27 2
1549 2012 4
3001 1315 2
2853 1243 8
3336 2850 4
568 2855 2
957 256 2
3806 3094 4
295 3711 2
3031 550 2
2676 2324 8
1829 4009 2
605 1733 4
2327 30 4
1485 30 4
3413 2699 2
263 532 2
1331 495 8
322 1945 2
2807 4123 4
95 2310 4
3800 1881 4
2766 432 8
3772 2138 2
3073 3 2
2474 3988 2
1427 1483 4
669 764 2
1046 1704 2
1729 1221 2
2983 1126 2
3407 1872 4
1114 3740 2
2068 2448 4
348 3642 8
2086 3040 4
2879 3905 2
3249 1852 2
3559 3670 2
2214 1409 2
3721 2385 2
1944 499 2
2249 2306 8
3446 566 2
702 4065 2
1882 4081 4
1988 1744 2
283 1323 8
819 1609 4
4019 2642 2
1905 3623 8
441 2853 4
3917 3273 2
1453 1764 2
1544 1799 2
128 1215 4
2308 348 2
3684 3421 4
1482 1609 4
1308 3949 8
590 4045 2
1301 700 4
3901 1481 4
2028 363 2
1007 2849 8
3118 1555 2
275 3137 8
137 2291 8
3815 1631 2
3635 4133 2
2097 651 10
2254 1577 2
1898 3485 2
3314 605 2
283 1648 2
3872 283 4
1877 1119 4
1941 895 2
915 3283 8
1905 1891 8
612 396 8
2577 2656 2
2853 961 8
4009 2384 2
873 3249 2
1958 332 2
1459 2222 8
191 1647 8
3274 2111 2
3610 1384 2
278 385 4
2845 1483 2
1308 281 2
824 1736 8
3740 3948 10
2587 492 2
3318 3716 2
1933 3282 8
2115 2732 8
2537 153 10
3288 1046 2
1562 2252 2
1053 268 2
2048 4081 4
2124 636 4
3013 3005 4
2853 3138 2
756 2669 2
2853 2044 8
4112 492 4
2402 3150 2
1793 2853 4
1335 379 2
177 854 2
293 2143 4
3223 282 3
573 3676 8
973 1597 4
2447 3214 2
3501 2323 2
1119 2013 8
1945 852 2
802 2114 2
449 3047 2
3853 290 8
1037 2250 4
4013 3011 2
2029 3242 2
1282 2676 8
2386 1873 4
2265 3504 8
1318 2645 2
285 432 4
3641 2060 4
636 4091 8
1624 2104 2
4010 1905 4
3985 2690 4
1479 2217 2
1588 3144 2
1047 547 4
108 3242 4
3594 846 4
2853 3638 8
4004 1026 2
2692 2386 4
1316 2357 8
299 2446 4
3853 3671 8
2420 3374 4
2604 2457 2
2939 1300 2
1723 1933 2
3652 1117 4
3466 2989 4
2402 3059 2
3796 3973 2
185 214 8
2210 3655 4
1945 2800 8
3054 1464 2
248 1876 2
1590 4050 2
3412 3374 4
14 2537 4
1215 4058 2
2850 3336 8
2689 3761 2
3095 816 2
3964 3853 4
527 917 2
593 956 2
278 104 2
492 2211 8
1269 3197 2
1208 2169 2
1106 2578 2
3825 3834 4
99 1573 8
1923 1926 2
1468 1905 4
132 1042 8
2646 1006 2
83 185 2
1010 1553 2
4067 1073 2
1110 4125 2
2057 865 2
385 2586 2
2143 2161 8
170 1855 8
1378 1949 2
2394 2412 8
978 2569 10
2853 1793 8
2610 546 8
2735 396 2
350 1240 2
1033 1003 4
1713 91 4
865 3288 2
2376 1621 4
1865 2511 2
4004 2539 2
1081 1375 8
2463 1609 4
1007 65 8
2542 406 0
622 2605 4
1990 3191 2
1796 3554 2
2971 2293 4
1905 2767 8
2351 2586 2
1491 1514 2
1670 2855 2
2413 573 4
2464 2537 4
1933 3247 8
368 1108 2
2853 2815 8
975 137 4
3834 1255 8
1905 46 8
952 3636 8
1762 3616 2
2285 3078 4
1979 1223 2
256 2824 2
629 848 8
3140 960 2
1609 2872 8
2143 3708 8
2280 467 2
2693 197 2
221 3181 2
2586 2351 2
1938 2101 4
2254 2581 2
1869 2802 2
639 232 2
379 1335 2
1551 3852 2
2907 4123 4
3338 525 2
3214 585 2
701 504 2
3405 3476 2
3005 2011 8
2766 1968 2
1301 710 10
2853 743 8
1315 214 2
2594 4083 2
2925 2786 4
2669 1975 2
3771 2164 4
1232 432 4
1465 4013 2
705 1084 2
3955 3000 2
3529 1165 8
3667 669 2
2131 3837 8
1060 2192 8
1481 3709 2
1514 1117 4
2385 3721 2
3219 1905 4
2994 658 2
1364 2656 2
3079 3205 10
94 3941 2
1352 1872 4
3248 2656 2
1609 3285 8
3425 3853 4
2430 2850 4
1102 1268 8
3936 1661 4
2994 547 4
2853 2019 8
1426 2296 2
1609 1943 8
1459 775 8
3512 2684 2
2870 1618 2
102 825 2
1007 1789 8
197 1365 8
3209 3834 4
532 2391 8
250 443 3
1137 2855 4
479 2034 2
300 1269 2
3499 664 2
3711 2774 8
2080 2148 2
3453 3555 8
1007 3184 2
629 1486 2
3490 919 2
297 2544 7
733 684 8
509 30 2
1706 1319 2
467 399 8
2143 994 8
2360 1423 2
3476 3405 2
309 1061 4
2546 3490 8
2964 1988 4
3196 639 2
1970 529 2
3003 1566 0
210 1425 2
2176 3165 8
1032 132 2
2647 3447 2
2853 2664 8
3119 3485 1
3206 1244 2
2661 1837 2
2011 3005 4
999 239 2
3108 730 2
697 1696 4
3902 1856 2
460 2293 2
2834 492 4
146 3640 2
1169 111 4
3817 3373 2
4036 1609 4
3332 1740 4
3352 2629 8
2501 2613 2
3045 1609 4
2012 4123 4
317 537 2
2534 3029 2
2481 2817 2
348 1732 8
2908 1274 2
1850 4123 2
81 4116 4
2704 1779 8
2143 3615 8
2131 391 2
3252 3853 4
634 2600 4
3408 2386 4
3918 3765 2
3637 333 8
2219 2855 2
898 3957 4
3552 3546 2
3010 2687 2
2263 1246 4
865 2338 2
3043 1188 4
812 1965 2
2068 319 2
1274 2908 2
3176 3858 2
3984 3522 2
3391 2144 10
1988 316 8
3026 2215 8
3179 4010 4
1540 1003 4
2549 3190 2
556 2853 4
220 3354 4
2622 1533 2
1051 127 2
1007 1330 2
1145 3717 4
2012 2976 8
2766 1003 4
1925 1572 2
815 132 2
491 3514 2
1003 3070 8
2155 275 4
2097 3383 8
649 3079 4
3482 2285 4
1152 427 4
2384 744 2
218 2519 2
2981 434 2
2143 4039 8
3320 289 2
3692 1740 2
2850 123 8
2690 571 8
2601 111 4
550 3031 2
3218 2446 4
3740 2883 2
1188 565 8
168 1579 2
2336 783 4
264 529 2
730 3173 2
1383 2290 8
1425 210 2
2296 2160 2
2144 15 8
1783 275 4
824 2406 8
2936 2045 2
1915 2275 2
3762 4028 2
2766 1961 8
3335 1692 2
750 1060 10
2853 556 8
3912 1857 2
1609 3602 8
442 185 2
215 4015 2
70 1743 2
1431 1119 4
2507 3828 8
2973 2143 4
239 9 2
4045 2921 2
1948 3023 4
1795 2820 2
1304 1955 4
3619 2853 2
605 1428 8
1512 2599 2
4064 3717 2
1203 358 2
1527 2265 4
1003 3516 8
965 1316 4
3067 577 2
247 573 4
3265 2615 2
3126 1683 4
275 1511 8
2465 1778 2
2424 503 2
773 1001 2
1178 275 4
3570 989 2
2911 863 2
2528 3214 2
2606 2497 2
185 3783 8
2069 532 2
1099 3788 2
497 580 8
2143 1445 8
824 4068 8
3668 2776 2
1007 523 2
2988 1473 4
3834 3078 4
3961 302 2
467 4072 8
3207 241 1
1978 2225 8
2427 3449 4
2253 1737 4
89 4123 4
846 3594 8
1046 2057 2
432 828 8
3957 982 8
785 2994 4
1052 3891 2
1881 3800 8
2389 960 4
4123 2012 8
2905 1003 4
1933 1172 2
2102 1003 4
3005 3754 10
3269 2143 4
1087 1184 2
2994 1847 2
1097 533 2
1939 2717 8
983 3055 8
3514 491 2
3464 929 2
733 1905 4
3433 2144 4
1096 1022 2
2690 2843 8
4033 1003 4
1765 2942 2
3079 1141 10
948 3348 4
2293 2971 8
100 1218 8
640 594 4
2610 416 8
3966 3853 4
3180 2886 2
2957 2682 2
3664 3543 8
2873 1905 4
1553 1010 2
152 2395 2
719 1905 4
2020 348 2
2475 1905 4
275 2155 8
1609 3790 8
2610 953 2
2676 3561 10
2250 240 2
4101 377 2
1692 2460 2
3853 3375 8
3005 870 8
887 1379 2
1878 981 8
1209 1806 0
1778 3499 8
2855 3836 4
1476 1562 4
2143 3479 8
678 2012 4
2089 626 2
302 3961 2
2143 1805 8
268 142 2
3834 3797 2
1176 3853 4
3302 45 2
3533 271 2
3841 3374 4
3903 3768 2
177 3488 2
853 847 4
1034 3079 2
492 4112 8
2789 2435 2
495 1331 4
42 681 2
3102 3374 2
3837 925 8
1537 1329 2
1767 2936 2
1270 3017 2
950 1003 4
3453 3929 2
2267 1652 2
7 1741 2
775 1459 4
1905 986 8
808 3263 8
3225 2005 2
3546 2860 2
455 2652 4
1571 3739 4
2446 3218 8
499 2602 2
177 3724 8
3448 3999 2
2583 1106 2
1003 492 8
1332 2707 2
3987 824 2
3470 1578 8
3957 923 8
3366 2250 2
2880 2332 2
2952 922 2
3094 936 2
3761 2689 2
2559 538 2
492 3038 8
1933 1600 2
938 103 8
2794 4045 2
2386 68 8
2936 2315 7
985 1568 2
2412 3178 2
2266 2853 4
717 3549 2
197 2617 8
1192 492 4
2461 3257 2
1059 2641 2
1275 2746 8
2669 2536 8
105 375 2
3657 1103 2
3192 902 8
2835 348 4
2776 1278 2
406 3403 4
1195 3518 2
171 885 8
1102 3587 8
1466 1003 4
4118 4074 2
2325 1537 2
1204 2282 8
3527 978 4
2713 1945 4
2488 1955 4
564 3255 8
886 3834 4
795 3371 4
3211 1570 2
702 3992 2
414 3413 4
544 1786 4
1054 4089 2
700 1473 8
3088 3708 10
3216 2853 4
1433 834 2
3701 2446 4
1102 376 8
275 1178 8
3655 1781 2
3719 2363 8
177 1574 8
3781 1010 4
3740 1988 4
1003 2804 8
1385 1392 2
2656 3248 2
193 1507 3
2563 3853 4
3237 1905 4
2700 3835 2
629 1296 8
2652 3787 4
1824 467 2
3107 4078 8
2011 356 2
3720 1905 4
2024 2969 2
2290 1619 2
1609 3402 8
720 2953 2
2504 2768 2
3138 2853 2
2293 1488 8
783 1308 4
3733 3853 4
3807 693 2
1573 2518 2
479 1679 8
3596 1917 2
1808 2997 2
3485 3458 2
524 1316 4
30 3486 8
29 3853 4
2656 357 8
469 3499 2
30 2035 8
1739 2446 4
113 1695 2
2921 4045 2
3955 1080 2
1945 2713 8
1624 2887 8
2506 2610 2
4010 3910 8
510 572 8
506 2641 2
1533 3494 10
138 3120 4
2642 4019 2
2855 1651 10
1892 467 2
1142 3655 8
2768 2504 2
3617 3834 4
1609 3535 8
3998 945 2
3883 348 4
1003 1065 8
3834 440 8
2037 3180 2
2704 2220 8
1568 985 2
3689 2855 4
2271 4111 2
3690 643 2
1778 1627 8
2892 2855 4
1714 1901 4
884 4123 4
2070 3005 4
1645 1184 2
3834 886 8
2936 13 8
3871 100 4
843 30 4
1117 1514 8
1829 744 2
761 1051 4
3737 555 4
2898 1609 4
2143 330 8
1738 1845 2
1872 2411 8
3834 2228 8
2144 271 8
3315 3203 2
3999 2665 2
3079 235 8
1988 3548 2
185 3928 2
2537 14 8
2956 30 4
3674 275 0
2163 1498 8
770 3550 2
3667 894 4
4040 4120 2
4073 1669 2
731 3710 2
2541 1215 10
3345 1025 2
2123 3381 2
2293 1841 2
1609 877 8
1851 2293 4
288 1905 4
3664 4119 4
3984 3002 2
1648 3130 2
2714 2085 8
1472 4032 2
3485 2924 8
19 1315 2
1339 2690 4
2754 3207 1
3362 1604 4
3373 3817 2
2404 353 2
2980 1085 10
2901 2384 8
4123 3389 2
831 1051 4
3413 1055 8
26 2610 4
2674 3238 2
489 3853 8
3411 1579 2
3834 2756 8
467 1824 2
1110 2830 2
3888 2906 4
41 3834 4
3650 3079 4
1043 602 2
705 4121 4
2359 1681 2
1905 1039 8
283 917 8
1562 3793 2
2896 227 2
3788 1099 2
3981 2766 4
3316 3470 4
2265 1840 2
437 887 2
2690 1341 2
2142 541 2
429 3545 2
928 2594 2
4081 2048 8
2690 558 8
532 338 8
197 2416 8
4010 2492 2
3853 3878 8
1079 811 2
3523 1878 4
1609 3422 8
2250 487 8
1872 3407 8
1605 1003 4
763 3035 4
641 1740 2
4039 2143 4
3416 2652 4
3211 646 2
2476 2704 2
1801 3496 2
1853 2604 8
2434 1334 2
1561 3672 2
2249 284 8
467 2375 8
3947 2279 8
3173 3657 2
2110 100 2
2844 1561 2
2462 3545 2
2704 1614 8
3354 1007 4
275 1471 8
3662 2871 2
3263 987 2
2061 2249 8
2961 1269 2
3487 2089 2
721 3717 4
3519 66 2
1581 3025 2
111 1554 2
139 2011 2
3444 1447 2
4047 1878 4
1843 2320 2
3238 3986 3
1803 4115 4
3214 2895 2
3834 3677 2
1609 1175 8
1120 2594 8
1609 3428 8
1693 3130 4
3801 1003 4
2943 1673 8
239 1279 8
2831 1003 4
2495 2704 4
7 1090 4
3694 1171 2
1733 1219 8
824 3104 8
2832 3735 4
1106 3275 8
2357 1316 4
278 1702 2
2166 253 2
331 1130 2
536 1878 4
3166 239 2
2143 158 8
4095 137 4
589 1452 8
1945 2176 4
1956 4123 4
2995 3171 8
3834 3343 8
275 2510 8
3066 1758 4
2247 1459 4
822 2989 2
2115 935 2
1334 2434 2
2093 1010 2
2746 1275 4
1760 377 8
494 3165 2
2384 2901 4
240 2250 2
291 1962 2
1537 3135 2
3581 2008 8
2144 292 2
3662 1277 2
1914 2011 4
3020 2941 2
2117 2386 4
111 1633 8
2604 2467 2
1197 3984 2
2270 1191 2
4028 4120 2
2697 1003 2
3394 2636 2
1459 909 8
2804 1003 4
2144 1477 8
3875 3485 4
2184 2942 2
2853 2980 8
486 1453 2
755 1905 4
1459 1522 8
601 2870 4
120 3337 2
1721 1007 4
887 3976 2
3941 94 2
2637 4140 2
2656 2309 2
3853 4104 8
1081 1357 10
3059 2402 2
890 3496 4
4098 650 2
2143 2842 8
3381 2123 2
1218 100 4
605 3314 2
983 2791 8
3378 3204 2
239 999 2
3277 148 2
2660 1099 8
2163 1658 2
491 3303 2
3460 3988 4
3342 3870 2
2813 2130 2
1084 705 2
1740 1228 8
111 2137 8
2136 851 2
467 2188 8
280 2560 3
1997 1105 7
1626 2172 8
1411 4050 2
1624 3612 4
2960 2768 1
4026 274 8
2559 3895 2
1481 153 8
3250 3738 2
3304 2949 2
3404 111 4
3771 304 2
2104 1624 2
3856 388 2
2127 978 2
2073 2618 8
348 2573 8
3858 3176 2
2114 802 2
1322 1064 4
2635 3096 2
589 2023 2
3959 1516 8
3549 717 2
575 2690 4
1740 3341 8
2138 3772 2
1332 766 2
2072 19 2
1857 3811 4
2790 4115 2
376 1102 4
2051 1003 4
1962 291 2
2150 4123 4
3607 3394 2
1269 2961 2
3357 1787 2
922 2952 2
450 155 10
780 3055 2
1854 1119 2
3079 3711 8
712 1106 4
2163 1730 2
3990 2002 2
2573 348 4
2911 3924 2
2745 1022 2
3176 4099 4
2159 2446 4
3980 3192 10
1624 2769 8
832 59 2
1825 1086 2
191 1856 8
874 1087 2
3897 3153 4
2866 173 8
1244 1952 4
3847 3126 2
790 2055 2
2837 1596 2
2017 1609 4
3223 1609 4
2512 1988 4
3065 2886 2
3334 3834 4
2801 2641 2
492 3969 2
2855 1670 2
1758 417 8
3369 3520 2
2386 4020 8
3757 2096 8
935 2115 2
3413 2493 2
3374 3102 2
2716 387 2
1003 333 8
3079 649 8
1227 3420 8
1699 1483 2
602 1043 2
1941 3753 8
3834 2440 2
2755 3470 2
3026 493 2
846 1672 8
3984 242 2
1009 3241 2
1704 1046 2
400 1867 2
2641 2801 2
3670 2974 2
3524 59 2
634 747 8
3708 3088 10
1609 718 8
1811 1459 4
1692 3335 2
917 527 2
1771 3241 4
960 3140 2
2002 3990 2
1213 2647 3
3 3073 2
1096 1064 2
586 2850 4
1905 3201 8
2850 25 2
3259 479 2
1640 1188 10
2951 1988 4
1130 1088 2
3113 2473 2
1329 1537 2
1200 978 4
1073 4067 2
1160 2641 2
1905 1496 8
2049 1664 3
958 3485 2
3440 3957 2
625 323 8
2725 708 8
269 2149 2
2658 3529 8
2957 3462 2
2412 968 2
1190 2559 2
3768 3763 2
2143 10 8
2056 1257 2
2853 2118 8
3371 3729 8
3107 1976 2
1740 1346 8
1565 2704 4
4006 119 8
3835 2700 2
1838 2287 4
427 2181 8
2473 3113 2
187 2143 4
867 3241 2
3389 2855 2
3311 2981 10
1778 3579 2
2915 526 4
2143 2276 8
1303 3853 4
3212 2529 2
834 1433 2
2690 2634 8
2452 901 8
2841 969 2
1695 113 2
1269 817 8
2316 3481 2
1445 2143 4
2724 346 4
2446 1654 8
1930 1047 4
2131 484 2
2153 1101 2
1307 2115 4
2829 3236 2
1891 922 10
4010 3347 8
1918 2558 8
1661 2998 8
3005 720 2
526 1524 8
2096 3757 4
1119 3454 2
3300 2310 2
3974 1443 2
30 3142 8
1007 3728 2
3017 1288 2
2667 3273 8
2913 532 8
518 2537 10
1147 1933 4
1628 3957 4
718 1609 4
2011 1914 10
645 1988 2
3453 2795 4
3718 3834 4
492 1003 4
3957 898 8
4089 116 4
1844 1215 2
4089 1054 2
3513 2610 4
431 2386 4
3778 1519 8
1794 1681 2
3099 3853 4
1737 3853 4
397 37 2
3350 33 8
3192 1994 8
359 3834 4
1731 205 8
1467 2446 4
1535 3464 4
467 453 8
703 2936 2
2853 2555 8
1003 3757 8
1003 1033 8
2005 1410 2
241 3207 5
1629 2823 2
3985 2232 2
3946 3667 4
2965 978 2
1571 654 8
4115 3072 8
1332 896 8
3759 2386 4
209 1003 4
2729 2953 4
1188 3043 8
1051 1011 8
3362 1185 2
1988 3740 8
2853 1404 8
3746 2684 2
2144 3647 8
1003 18 8
2228 3834 4
2997 3750 8
3977 2675 8
3453 3738 8
3724 177 4
1215 1844 2
177 2407 2
55 2249 4
3937 1051 10
1102 539 8
1805 2143 4
730 3108 2
1856 191 4
1074 2144 4
1332 1682 4
1778 3129 2
20 2089 10
2068 2390 2
2839 970 2
1740 1563 8
1881 1912 2
2853 3812 8
120 232 2
3546 3086 2
2853 3782 8
2265 2945 8
3667 2797 8
1943 1170 8
2669 11 10
1116 2108 2
2976 2012 4
2514 2931 8
3481 2316 2
3040 667 4
1022 1096 2
2590 2690 4
2850 2430 8
3799 2634 2
1845 1038 2
978 944 2
786 1278 4
894 3667 8
824 2589 2
1363 2834 2
1003 1733 10
933 3977 4
2060 2319 8
2853 569 2
3509 2629 2
3853 279 8
515 4006 8
3085 3055 2
2454 2853 4
465 3211 2
1079 2075 2
307 2143 4
3846 1945 4
573 2413 8
2306 2249 4
3579 1778 2
3651 3628 2
3233 2630 2
210 147 2
1128 1562 2
1932 2067 2
3273 2667 4
2122 3834 4
1529 256 8
1993 3730 2
3374 2062 8
3153 488 2
320 3139 2
2981 1295 2
2176 1945 8
3723 100 2
1945 2025 2
3303 491 2
1992 1988 0
748 1246 2
3960 702 8
100 2110 2
3222 2271 2
2250 2688 10
1261 1988 4
1696 3725 2
1621 2376 8
2610 1580 2
1003 2415 2
1003 3801 8
3757 2041 8
2103 2603 2
268 1998 4
962 2999 2
252 1332 4
4128 2853 4
3139 693 2
3241 2092 4
1296 629 4
994 2250 8
4120 4040 2
1113 2405 3
2226 348 2
1905 3219 8
10 2143 4
2004 1905 4
2012 1549 8
171 744 2
2520 3455 2
346 904 4
2881 1905 2
2143 1072 8
405 2656 4
177 1988 4
1988 645 2
3890 271 2
2797 3667 4
1945 2572 8
2342 2446 4
2978 639 2
2853 179 8
383 3331 7
1772 185 4
2953 720 2
111 2601 8
1902 1244 4
3664 1870 2
1078 1758 2
2446 370 8
1490 208 2
2853 1327 8
141 1276 2
2074 3662 2
2060 1955 8
2698 2704 4
2856 3126 2
173 2866 4
1338 634 4
2102 1666 2
3241 805 8
1778 913 8
2176 962 8
2128 564 2
2834 1953 2
2843 2690 4
2291 137 4
11 2669 10
2585 3601 2
2780 16 2
754 3891 4
1201 3545 4
2516 1611 2
348 261 8
784 275 4
1130 331 2
2784 3249 8
348 2226 2
2638 3577 2
377 75 1
3078 3728 2
171 1952 4
1319 442 2
3377 839 3
1606 3430 4
1083 239 4
1831 823 2
1215 128 8
3988 3019 8
2276 448 10
1689 2235 2
4025 681 2
2446 3672 8
206 30 2
2250 3774 2
2254 352 2
4069 1768 8
3371 2469 8
467 1892 2
908 1605 4
1003 209 8
889 1988 4
1382 3853 4
2853 4117 8
1003 2648 8
239 454 8
1454 3979 4
2936 2483 10
3851 1537 8
507 3955 8
3304 5 2
2521 1003 4
1661 2996 2
1618 2870 2
2919 1561 2
3853 489 4
3586 48 2
1246 748 2
551 2180 2
3834 3560 8
2108 1116 2
1456 2853 2
3984 521 2
804 770 4
333 3637 4
2908 4099 4
2853 3619 2
1196 1401 2
3005 3589 2
1614 2704 4
581 634 4
3024 2853 4
3211 1097 10
2610 3618 8
1158 446 2
1609 419 8
3732 526 2
1905 1593 8
56 3485 4
48 3393 2
1328 3207 5
2941 912 4
1609 3045 8
584 680 2
2768 2597 8
922 1530 8
2328 778 2
516 3470 4
3553 3575 2
627 3811 2
3257 2461 2
903 1242 2
1051 1746 8
1559 1988 4
1609 4036 8
3834 3829 8
1362 33 4
2864 757 4
371 2012 4
3133 3717 2
345 3211 2
388 3856 2
2891 830 2
3554 4054 3
2199 346 2
571 2690 4
1422 2446 4
185 2033 8
3050 1962 2
4055 3745 2
1061 309 8
1945 1625 2
1881 4037 2
1508 3923 2
3490 3773 2
1823 1003 4
3371 2557 8
2144 2836 8
3055 2076 2
327 278 2
383 492 4
3417 4035 2
333 1003 4
3445 684 4
1003 1134 8
3326 2015 2
1905 1036 8
1013 4048 2
3390 177 2
276 1230 2
2154 1246 4
436 1945 2
3993 2652 2
3347 4010 4
3853 1470 2
3130 403 2
2248 3819 2
2330 1087 8
3603 3834 4
560 875 2
4024 681 2
432 3820 8
2789 1143 2
580 497 4
2690 575 8
3310 1003 4
1633 111 4
105 706 4
695 2792 2
1562 1476 8
2378 652 2
432 285 8
2610 1155 8
1003 3564 8
906 1007 4
1878 2993 4
1010 2616 8
1280 197 4
2347 2166 4
1453 2255 8
3628 2132 2
1979 799 2
1649 3485 2
1834 1933 4
2610 3049 2
1988 2443 8
2537 518 8
2840 1003 4
2530 3263 2
1815 1988 8
800 2766 2
1376 725 2
2997 3503 8
1459 1811 8
2409 2287 4
2766 3981 8
3205 3079 10
1003 111 8
517 681 4
2743 197 4
2367 3662 2
1502 1720 2
2684 3512 2
1537 1747 8
2779 3297 2
157 1003 4
1483 3127 2
2205 3094 4
3405 1753 2
3708 2143 4
464 2265 4
2953 3595 2
2143 154 8
728 4119 8
4115 2790 2
1003 3696 8
1223 1866 2
579 1756 2
3317 283 2
1622 3501 2
744 2384 2
2925 3707 2
2296 1198 8
952 439 8
33 2417 2
2822 751 8
100 3871 8
37 2060 4
2614 1609 4
3725 1696 2
3842 2451 2
2853 3253 8
750 1733 4
1610 3704 2
3832 427 2
1996 2412 4
4045 1405 2
576 3565 2
924 3699 8
1185 3362 2
3529 2554 2
769 2018 2
3241 243 2
3925 2853 4
1872 512 8
3078 2989 8
1297 2738 4
2900 1106 4
2500 1081 2
2013 1119 4
3736 2704 4
2446 3604 8
4123 4026 8
4020 2386 4
1215 2073 4
390 2446 4
1935 2266 2
1355 3834 2
1316 965 8
1509 2834 2
2148 2080 2
3809 952 4
3914 3379 2
758 555 8
2094 4042 3
3220 555 2
802 2244 2
2861 2772 2
5 3304 2
684 3474 2
2498 1900 2
3308 1531 8
3150 2402 2
2621 1581 2
2240 1481 4
1188 1130 8
3239 3026 2
3403 1778 4
200 2012 2
2695 1711 8
503 2424 2
40 2853 4
2690 3286 8
1856 1936 8
610 628 8
1758 23 8
2060 2714 8
1332 252 8
61 570 2
681 3826 2
3238 2674 2
3384 370 4
1282 2251 8
111 480 8
2192 1060 4
2312 1905 4
1007 3354 8
3984 3697 8
1955 1594 10
1238 1564 2
2310 1436 2
2684 3746 2
3291 1537 2
1675 1240 2
2055 1003 4
111 1752 8
4133 705 4
4010 3179 8
1948 1097 10
71 1711 2
2701 846 4
3169 3957 4
3943 1003 4
3834 3492 8
3717 2066 2
92 1386 2
2912 1388 2
2143 2596 8
3211 234 8
384 2011 2
3529 2658 4
3829 3834 4
949 2690 4
1125 1738 2
1003 2272 8
1437 205 4
826 1151 3
3235 979 2
30 206 2
3906 1941 2
839 3377 3
2130 2813 2
1186 2460 2
911 1003 4
3908 3738 2
3853 3058 8
3429 1003 4
1413 3974 2
883 1191 8
1132 3493 2
3005 3114 8
2777 3767 2
3040 3747 8
3038 492 4
3497 3192 2
2560 280 3
3984 1605 4
377 435 1
383 2587 2
335 1051 8
3728 1007 2
824 3746 8
100 3427 8
744 171 2
1310 1624 2
2643 3107 8
4005 1905 4
2229 2250 4
3172 1663 2
1968 2766 2
3156 3192 4
3793 1988 2
3704 1610 2
2250 574 8
2234 2143 4
1413 3510 2
1738 1125 2
3819 1372 2
3194 3988 4
2059 3853 4
427 2748 8
589 2224 2
978 3584 2
3088 2143 4
33 176 2
1324 2329 2
2281 3079 2
2042 2349 2
1272 30 4
1007 906 8
2354 2642 8
2316 1354 2
2657 3977 4
53 1003 4
2853 771 8
1821 3705 2
1862 3545 4
2446 299 8
66 3519 2
2585 3939 2
2640 1325 4
1155 2610 4
3599 245 2
3496 2822 8
1086 1825 2
3521 348 4
3894 2936 2
1327 2853 4
3878 3853 4
944 978 2
3705 1821 2
3616 1762 2
2272 1003 4
1389 3633 2
1003 1823 8
1481 2537 4
1496 1905 4
1481 691 2
2227 2690 4
391 3837 2
1849 3757 4
1450 1508 8
2036 111 2
3787 3977 8
3343 3834 4
3571 141 2
1121 2687 2
1166 526 8
2067 2439 2
2372 2936 2
1945 3111 8
1180 2940 2
1931 348 4
1098 2825 2
3741 188 2
1933 4090 2
24 2386 4
1941 1788 2
2981 124 8
2690 116 8
623 239 2
2249 2950 8
850 1139 3
3667 137 8
2178 2690 4
3234 2115 2
2143 1291 2
3015 1103 2
2656 2029 2
2853 1163 8
1313 392 2
3176 1946 2
2224 589 2
2727 2832 2
2281 2384 2
2853 2053 2
589 3079 4
3413 1337 8
3228 3502 2
1246 3687 2
1023 1947 2
1007 3431 8
916 2441 2
2393 3546 2
3026 257 2
948 4019 2
2668 3065 2
1162 1154 4
2989 2106 8
7 1542 2
3962 2880 2
2848 2175 2
3192 3156 8
308 344 4
485 3207 5
1473 135 8
3616 1716 2
1965 3451 2
3728 1954 2
2958 1195 8
2287 3812 10
383 779 2
3447 2647 2
2282 2959 8
51 3026 4
521 3984 2
4081 2899 8
1085 2980 10
895 1941 2
123 2850 4
1499 2704 4
1768 4069 4
137 1306 8
3094 1701 2
3190 3922 2
1609 2919 8
1905 2873 8
3546 938 4
2470 952 10
2371 3834 4
881 2453 2
4127 824 2
2853 98 8
1740 1442 2
3471 2850 4
4010 659 8
510 3309 8
2446 2265 8
1609 3775 2
315 3853 4
1003 2766 8
573 1861 8
348 2353 8
1809 1051 2
289 4077 2
2586 2654 2
2204 3055 2
2690 2366 2
2016 2529 6
3163 1041 2
1609 3344 8
165 151 4
16 1905 4
1177 3103 2
2676 130 2
1518 1933 4
294 237 2
1075 1515 2
3298 4010 2
3213 1246 4
2539 4004 2
3778 893 8
2231 640 2
1541 2143 4
2101 1938 8
3428 1609 4
1719 687 2
3910 4010 4
555 289 8
433 2482 2
2901 2249 4
1740 303 2
3988 3194 8
1138 3531 2
2974 3670 2
2255 1453 4
3231 3472 8
2089 1704 2
3963 3241 2
1253 1910 2
2652 1235 2
2012 1069 8
79 2446 2
1905 3769 8
3545 47 2
2067 2016 9
30 1222 8
3122 2853 4
3170 1991 2
418 1636 2
1007 671 8
3086 3546 2
2830 1110 2
2913 3355 8
2768 1959 8
2731 2113 2
2641 1819 2
3834 1552 8
1312 2198 2
3499 1778 4
1673 1999 2
629 3340 2
3244 1531 2
1666 3242 2
483 1173 2
3009 3853 4
2704 1899 8
2649 3167 2
2767 1905 4
2337 628 2
1010 3889 8
828 432 4
205 3537 2
456 2997 2
3376 67 2
489 3091 8
278 3254 8
3899 4057 2
1514 1491 2
3321 1061 2
3064 978 4
3545 1755 2
3391 245 8
4045 2260 2
2912 990 2
148 3277 2
498 3853 4
3657 3173 2
3242 2309 2
900 794 2
3866 1060 4
3557 573 2
626 2089 2
2853 3325 8
2850 586 8
1789 1007 4
2704 3736 8
1988 3793 2
825 2142 2
3979 3606 2
3081 3076 2
2696 3834 4
606 1905 4
945 3998 2
275 2705 10
2728 105 6
1666 31 2
3776 132 4
3079 2213 8
2681 3165 4
3950 2133 2
2749 2653 2
2377 2144 4
338 532 4
3484 1592 10
1856 3902 2
1284 3813 2
448 2669 10
3852 814 2
1399 3662 2
3079 3027 8
1455 150 2
552 3472 2
3077 3992 2
2415 1003 2
3355 2913 4
3817 3794 2
2333 3215 8
905 3096 4
3659 2853 4
3413 2620 2
3496 1801 2
1766 1733 4
2152 3211 4
1214 1720 2
2853 656 8
1447 3444 2
1103 3015 2
768 688 2
1733 3005 8
1561 2919 2
2173 432 4
258 4032 2
3368 3236 2
1936 1856 4
2822 3290 2
1262 2652 2
617 283 4
501 2405 2
2451 3195 10
3566 3125 2
1905 2733 8
1417 2556 2
2890 2203 10
3005 2729 10
3545 9 2
275 1660 8
4129 4123 2
3633 1389 2
3040 2190 2
4115 1803 8
841 3616 2
3005 1031 8
989 3570 2
1003 2567 8
3413 1475 2
340 4096 2
3972 2912 2
4045 2809 8
2202 3539 2
3449 2249 4
4099 3176 8
2297 2011 4
980 3528 8
3120 138 8
2739 249 4
2664 2853 4
1432 2446 4
1374 1003 4
1961 2766 4
3204 3827 2
2642 2354 4
611 3545 4
952 1184 2
489 2537 8
1905 3748 8
2440 3834 2
2757 177 4
74 2412 2
2936 3894 2
3635 4070 2
323 4029 2
2652 107 8
3834 2371 8
1661 3936 8
3139 320 2
3687 2936 2
2143 3088 8
767 3354 4
3891 1052 2
1003 1951 8
1905 1769 2
2293 460 2
2778 96 2
1099 2660 4
1157 2143 4
2265 3260 8
1681 4071 4
2853 991 8
3912 3811 2
861 3464 4
1051 1644 2
1459 2566 8
1386 92 2
377 4101 2
2690 949 8
3289 2853 4
1609 73 8
33 1362 8
846 2701 8
3853 1558 8
1609 1358 8
3402 1609 4
3246 3211 4
499 1944 2
88 2021 2
155 450 10
694 3746 2
1733 3120 8
1878 2 8
3071 1098 2
2800 1945 4
1609 1482 8
3434 2853 4
1708 503 2
2295 2989 2
3055 983 4
268 1053 2
3752 1273 2
3186 4051 2
2936 748 2
3305 1348 2
3983 2939 2
2584 3068 2
1967 2115 4
1616 2352 2
946 907 2
348 1931 8
1991 3170 2
185 1687 8
900 2121 4
2164 3771 8
1672 432 10
387 2716 2
3451 1965 2
887 3915 2
3022 1613 4
2936 2929 8
3601 2714 2
1337 3413 4
1319 737 2
3702 705 2
3306 3957 2
1933 3224 2
3834 3209 8
3869 1997 8
824 3359 8
1551 774 2
3371 510 8
1435 2485 8
1980 3746 2
1251 826 3
3211 159 8
1955 1304 8
3950 668 2
3868 996 2
2690 3380 8
2853 3626 8
954 1106 4
364 2537 2
188 3741 2
926 4139 2
580 549 10
3879 680 2
559 3280 2
1507 193 3
439 952 4
1858 3207 5
638 3717 4
4123 404 8
176 1573 2
392 530 4
2340 2610 4
2641 1763 2
3662 2367 2
2704 2476 2
1487 3811 4
2265 1336 8
570 3578 2
1483 1111 2
3485 56 8
2993 2446 4
1230 2760 2
3834 3744 2
2669 489 4
1459 3077 8
3008 2850 8
2631 275 4
2714 658 2
3786 3778 4
2171 3401 2
1028 1106 4
2060 3722 8
2594 1120 4
899 3988 2
3126 1105 7
1203 3834 4
599 1325 2
1081 427 4
3241 1771 8
100 1391 10
3026 3663 4
3911 427 4
3540 3162 2
480 111 4
2318 684 4
564 3475 8
4123 630 8
1620 1003 4
897 3988 4
3717 298 2
3270 681 4
1106 2143 4
3968 1806 2
459 2850 4
2457 2604 2
318 278 4
321 3988 4
2709 3014 2
3641 1217 2
177 1371 8
2503 3979 2
132 476 8
532 3388 2
1720 1502 2
260 2446 4
2446 2269 8
982 3957 4
1062 1749 2
737 1319 2
3254 278 4
65 1007 4
2690 1613 4
2190 3040 2
1282 1412 4
1428 605 4
392 1313 2
746 1246 2
732 3079 4
3853 1176 8
3627 605 2
3711 3940 2
1584 2254 2
776 1776 2
1981 1865 2
2620 3413 2
2196 1878 2
1046 3371 4
2143 2858 8
201 2386 4
1778 3656 8
347 3540 0
4063 2869 2
492 1192 8
142 268 2
2603 2103 2
3700 3740 2
4085 2645 2
1011 1051 4
1460 2642 10
2966 1064 8
2105 2143 4
2259 573 4
2252 1562 2
3658 3480 2
3165 2176 4
3986 3238 3
667 1119 8
1004 1008 2
2301 3853 4
1459 2247 8
3834 2258 2
1989 2143 4
2895 3214 2
1252 514 4
749 3667 10
3241 366 2
2115 1493 2
242 3984 2
1740 3931 8
136 3731 4
151 394 8
3811 627 2
3245 3055 4
3853 1382 8
573 3557 2
182 2997 8
2117 3057 8
28 1562 4
4031 1639 4
205 598 2
365 30 4
1530 922 4
2115 4100 2
1733 2853 8
2818 2024 4
1003 1374 8
544 4008 2
31 226 2
3263 1920 2
3767 2777 2
653 1264 4
1022 2966 4
22 2853 4
3470 3316 8
1246 2315 7
2403 2337 2
3030 2405 2
2966 3302 2
3120 4000 8
2889 3961 2
834 2884 3
1188 1640 10
1100 2669 4
239 1083 8
2310 2935 4
3582 492 4
3214 2528 2
3794 3817 2
3162 3540 2
275 1546 2
1641 1720 2
4136 3662 8
2098 1806 8
3929 3453 2
2097 3622 10
1051 1602 8
185 1772 8
2855 1897 8
3667 3946 8
1886 1690 8
2293 3491 2
2120 137 4
2012 2139 2
2740 1872 4
1361 1188 4
4102 1246 2
3649 3512 8
275 390 4
500 2853 4
1870 3664 2
3392 791 2
2494 973 2
1754 3693 4
1673 2943 4
1119 1877 8
2983 2916 7
1087 2330 4
2446 3037 8
2618 2073 4
2115 1967 8
3958 2299 2
3853 3174 10
2386 2095 8
1003 846 8
129 2610 4
2054 3704 2
63 3263 4
4006 474 8
3976 887 2
4130 2180 2
4121 705 8
3714 84 4
197 1550 4
4081 639 8
2144 1174 4
2834 2449 8
3918 3062 2
3655 2210 8
2766 4037 2
1362 2778 8
3485 1984 2
3485 1841 2
1150 2646 2
2609 2099 2
2432 4089 4
2645 1318 2
1259 3853 4
1562 28 8
325 1905 4
2273 3899 2
3337 120 2
2610 3513 8
336 993 2
1266 757 4
2575 1787 2
2860 3546 2
681 4025 2
203 2853 4
2451 1704 2
2282 1694 2
1965 812 2
1316 2911 8
1440 197 4
667 3040 8
1489 1609 4
3000 3955 2
2112 1616 8
492 2091 2
3737 3457 2
1294 3853 4
2850 3123 2
3490 2909 2
105 2728 9
764 669 2
3137 275 4
2065 1201 10
791 3392 2
3792 2446 2
2518 1573 2
3717 638 8
842 2789 2
2446 1002 8
440 3834 4
1061 2993 4
3093 3834 4
2215 3026 4
2296 3609 8
1889 879 2
693 3139 2
3488 177 2
3803 3884 2
2782 16 2
530 392 8
1788 1941 2
2853 1390 8
1872 3090 2
3285 1609 4
489 2669 8
177 3715 2
1524 526 4
596 3919 3
684 3445 8
1704 2451 2
367 3853 4
474 4006 4
3836 2855 8
3915 887 2
3130 2425 2
1579 3411 2
1469 1045 2
1405 4045 2
2180 4130 2
2589 824 2
2989 3078 4
2191 3853 4
2101 1905 4
978 2965 2
634 587 8
1418 275 4
2451 876 10
111 2339 8
3087 1565 2
728 380 8
2690 3494 8
1955 3585 2
1038 1845 2
1375 1081 4
2666 3211 8
275 3674 2
4015 1593 10
468 3835 2
2555 2853 4
2529 2016 9
1691 833 2
2144 2040 2
997 978 4
161 543 2
1126 2983 2
3845 1955 2
1806 3789 2
3477 1254 2
2912 2938 4
2271 2456 2
3180 2030 2
2441 916 2
3516 1003 4
3899 4093 4
2659 326 2
2610 265 8
3496 1419 4
3625 1717 2
943 1177 2
1184 1645 2
2983 2214 2
569 2853 2
3040 1678 8
2177 2926 2
107 2652 4
1952 171 8
3191 1990 2
2143 2452 8
2690 1325 8
2718 1926 2
2936 2372 2
2386 24 8
2602 499 2
3853 1287 8
3926 510 4
860 711 2
313 2335 2
2293 1851 8
3652 1703 8
2673 3370 3
3997 4123 4
3427 100 4
1933 4087 8
4086 1874 2
1106 620 8
2726 1933 2
3898 1988 4
1071 1617 2
3738 2708 8
3211 465 2
3834 2314 8
3182 1872 2
2787 1003 2
540 2690 4
3581 1003 4
3079 3712 2
348 2835 8
1471 275 4
1003 1225 8
1784 447 2
198 1759 8
467 185 4
526 3732 2
2445 776 2
3214 1484 2
3485 1898 2
2089 3934 4
4096 340 2
3616 3775 2
3853 2361 8
3907 3616 2
1044 1941 8
1112 1812 2
2853 1016 8
2610 2499 2
1003 1466 8
1567 519 2
757 3134 2
1195 2958 4
2939 3983 2
654 1571 4
577 3067 2
1612 1254 2
1552 3834 4
776 2445 2
3506 3654 2
2282 1286 2
4120 4028 2
648 3834 4
728 1199 2
720 3005 2
3 2157 2
2764 3211 4
133 1281 2
1668 1041 2
2615 3265 2
100 675 8
3456 3853 4
3053 1988 2
3834 2122 8
1820 2768 4
857 3828 2
492 788 8
2194 3221 2
1615 1648 2
3834 2058 2
3631 1046 10
1277 3662 2
3143 1582 2
427 1916 10
2468 177 4
2870 3413 8
3853 3425 8
1010 2592 8
1667 1514 2
2628 1003 4
3055 2570 2
915 2254 8
2553 514 4
988 665 2
1523 1945 4
1575 2144 2
979 3235 2
1949 1378 2
1537 2325 2
1905 3720 8
3973 3796 2
1763 2641 2
228 1525 2
3561 2676 10
3330 16 2
3220 289 2
2448 2068 8
2537 2464 8
1106 2900 8
2853 984 8
2802 1869 2
1098 1299 2
3853 393 8
1027 1510 2
2899 4081 4
1556 1603 8
3950 2201 2
3765 3918 2
1660 275 4
2936 703 2
573 2121 8
2265 2446 4
3749 2060 4
1006 2646 2
996 3868 2
3082 1003 4
783 2336 8
2405 1113 3
1896 1661 2
2111 3274 2
1891 1905 4
1003 3507 8
1905 755 8
1105 1759 0
3302 2993 2
919 3490 2
1684 622 2
3146 102 0
3969 492 2
788 492 4
1042 132 4
3940 3711 2
2652 3039 2
2571 278 4
1149 351 4
3674 275 2
3746 824 4
2244 802 2
2936 3012 8
2250 2229 8
2654 2586 2
275 328 8
2144 3639 2
3834 3718 8
2397 113 2
1453 1543 4
2144 372 8
2853 2454 8
2704 1207 8
639 3588 8
2704 2698 8
312 1561 2
1988 2951 8
3149 3834 4
4088 1003 4
978 2781 2
1478 2143 4
174 3957 4
2315 2941 0
904 346 8
640 2231 2
1988 28 10
3383 2097 4
282 3223 3
952 1077 8
907 946 2
3400 111 4
508 216 2
3420 1227 4
2768 1820 8
3070 1003 4
1718 3191 2
279 3853 4
3361 2399 2
2935 2310 8
1224 1473 2
2719 3961 8
1933 57 8
3830 739 2
2525 2746 2
1124 3985 2
3464 1535 8
2690 1696 8
2736 1905 4
432 2766 4
3032 3453 2
4021 1010 2
3078 3834 8
1069 2012 4
354 2880 2
3730 3185 2
1778 3836 8
1380 3670 2
2038 952 2
1905 1468 8
3522 3984 2
3470 3399 8
194 2669 4
399 467 4
1609 2953 8
978 3064 8
4123 2907 8
1025 3345 2
324 2265 2
681 42 2
2386 1697 8
849 1907 1
3413 1403 8
2050 1825 2
3663 3026 8
2704 1565 8
796 640 2
3880 111 4
4044 2335 2
1743 70 2
1516 4124 2
3153 376 4
1846 2287 4
1988 2512 8
3512 1674 2
676 1717 8
3595 2953 2
1222 30 4
4015 215 2
3529 1260 2
1988 670 2
978 2358 2
2904 765 2
31 3242 8
4051 3186 2
631 916 2
3079 3437 8
1603 1556 4
1243 2853 4
2704 2495 8
349 2610 8
1184 952 2
3384 1919 10
1959 2768 4
2062 3374 4
723 283 2
3537 205 2
352 2254 2
348 3521 8
824 479 8
3162 496 2
1246 2263 8
1188 1361 8
1003 53 8
1092 849 2
2399 3361 2
2690 3544 8
1031 3005 4
3055 780 2
1010 3781 8
1333 3861 2
1999 1673 2
1591 2011 4
720 3371 2
564 3106 8
1839 1925 2
267 1003 4
2786 2925 8
1003 3581 8
2222 2517 10
2826 3591 2
4071 1681 8
1076 2983 2
3263 808 4
2249 360 2
1526 2271 4
1368 1905 4
1306 101 2
2217 1479 2
522 3153 2
2024 192 2
316 1988 4
1733 1357 8
407 1106 2
3205 3079 4
1905 692 8
4123 2932 8
662 1905 4
1181 2287 2
3207 2754 5
2585 2685 2
1488 2293 4
856 1609 4
910 2941 2
887 437 2
3375 3853 4
3572 3530 2
2131 162 8
2970 3546 4
1836 2143 4
2315 2652 0
3909 3933 2
1459 821 8
1905 666 8
270 4041 2
197 1095 8
1864 1878 2
639 2978 2
3775 1609 2
1573 3226 2
2472 1565 4
1098 246 2
2012 4026 10
111 2036 2
1244 882 2
658 2714 2
2441 102 2
2142 825 2
1481 2986 8
3103 1177 2
1613 2296 8
1443 3974 2
225 2194 2
1246 3213 8
3934 2089 8
871 1003 4
1749 1062 2
3463 2143 4
1988 3193 8
3955 507 4
3134 757 2
237 294 2
103 938 4
2853 238 8
3743 1950 2
3077 1056 8
3067 2073 4
1367 3098 4
639 1373 2
2552 219 2
849 1092 2
2853 689 8
2115 1539 8
33 3151 2
1556 3498 2
1401 1196 2
2283 2143 4
3473 1624 4
1982 2714 2
3728 3078 2
879 3161 4
2928 1905 4
3281 348 4
3154 1371 2
1106 407 2
3616 3632 2
1348 1595 2
2938 2912 8
2446 3701 8
2262 1669 2
3624 2246 10
1592 941 2
275 1234 8
735 846 4
2388 3811 4
3616 1792 2
3591 4010 4
3961 2889 2
3957 3306 2
2652 1908 8
1933 3395 8
1195 3323 8
1969 1116 2
776 2934 4
1624 3358 8
3853 3691 8
1003 1308 8
615 2368 2
1933 1283 2
1766 3683 2
3664 3301 2
1624 3473 8
1108 368 2
987 3263 2
759 1417 2
1613 3022 8
1331 4106 2
2596 2143 4
1003 4081 8
1759 1105 7
2517 3798 8
1706 676 2
1068 1453 2
798 3083 2
2941 3020 2
1799 1585 2
3775 3616 2
3634 2704 4
113 2397 2
2581 2254 2
3325 2853 4
3853 1259 8
278 3069 2
4126 7 4
4012 3211 2
3735 2832 8
1410 2005 2
3273 3917 2
827 1325 4
1234 275 4
1459 3730 8
2652 2370 10
4045 231 2
1955 2060 4
197 1440 8
702 3960 4
1170 224 2
1105 3126 0
2249 55 8
1357 2500 2
370 3384 8
1983 1778 4
3072 4115 4
1319 2418 8
2588 212 2
925 3837 4
2768 2960 5
1623 1562 2
4037 2766 2
2314 3834 4
4032 1791 2
1812 115 2
1300 2939 2
2853 4003 8
1246 1832 2
126 1601 2
3421 752 2
3933 3909 2
2320 1843 2
2847 3953 2
922 1891 10
3256 1022 2
1167 1208 2
261 348 4
2975 3853 4
2143 1106 8
141 3571 2
3811 3912 2
1988 3053 2
3470 1576 8
1753 3405 2
1787 3357 2
2896 3641 2
2112 2446 4
3726 3853 4
3864 3173 2
1060 880 8
1654 2446 4
442 1319 2
2451 3842 2
3768 3903 2
2983 1076 2
1733 1010 8
1690 1886 4
111 3192 8
3597 1170 2
636 2654 4
3007 2853 4
1325 2690 4
1775 3834 4
1635 3353 2
31 2309 2
130 2676 2
3485 3875 8
1057 1120 2
1522 1459 4
1954 3728 2
3774 2250 2
3139 2608 2
3196 4081 2
2089 451 8
1039 1905 4
2412 2394 4
2812 3026 4
2067 1932 2
1841 3485 2
922 2662 2
2151 1988 2
963 2994 4
2853 3299 8
3558 3089 7
1613 2690 8
3141 2853 2
2842 2143 4
3380 2690 4
2143 2283 8
2538 348 2
2012 974 8
461 2446 2
1392 1385 2
3745 2422 2
3592 1878 4
2249 2061 4
709 1140 2
3947 939 2
3393 48 2
289 178 2
305 2068 4
2582 1459 4
2412 2734 2
211 4067 4
375 105 2
2629 3509 2
1046 2119 2
3674 2510 0
3293 1757 2
3665 3327 2
909 1459 4
3838 2508 2
2496 3837 2
2374 2412 4
1550 197 8
3210 30 4
1389 3189 2
1709 2072 2
1320 2011 4
2641 3834 4
3386 3241 2
3790 1609 4
2510 275 4
2858 2143 4
2941 910 2
1101 2153 2
3748 1905 4
3609 2296 4
1003 2102 8
2610 12 8
409 2865 2
3475 564 4
1017 2837 2
564 2148 8
1905 3287 8
1511 275 4
3836 1778 4
1562 1369 8
1905 2928 8
2855 2892 8
2890 351 10
283 1521 8
443 3802 2
902 3192 4
1896 3741 2
3662 463 2
3979 1454 8
1631 3791 2
3188 956 2
3354 220 8
1933 1518 8
3079 2281 2
1246 2045 2
543 161 2
779 383 2
3515 1964 2
1878 3592 8
1007 1205 4
1384 3610 2
2060 30 8
3089 4042 0
4032 1472 2
959 2853 4
2870 4056 4
2446 918 8
16 3855 2
1060 750 10
2650 2789 4
1909 1106 2
93 2639 2
3554 1796 2
145 738 3
1189 30 4
2888 681 2
1863 1645 8
320 3807 2
163 137 2
664 3499 2
2662 922 2
205 1731 4
3468 177 4
1480 2513 10
2969 3120 2
523 1007 2
4045 621 2
3721 2022 2
3094 3307 8
3131 2853 4
2386 3408 8
1656 639 2
2446 79 2
2690 36 8
1154 1162 8
876 2451 10
1393 1748 2
1782 1905 4
2129 3704 2
1064 1096 2
1598 849 1
2019 2853 4
2296 1441 2
349 952 8
3485 3119 5
1905 1547 8
467 3574 8
3111 1945 4
3394 4066 3
1825 964 2
2556 1417 2
3459 1905 4
271 3533 2
2704 1499 8
3290 2822 2
1888 2460 2
952 2876 2
2887 1624 4
1941 3538 10
1865 2930 2
3472 552 2
2870 601 8
1700 1950 2
3139 1893 2
3348 948 8
1003 3719 8
3905 2879 2
3992 3077 2
177 334 8
3574 467 4
2101 1343 8
3670 1380 2
1003 1133 8
177 3468 8
2287 1263 8
3939 2585 2
3853 3009 8
1201 999 2
2594 928 2
1500 846 4
2989 3466 8
275 3849 8
289 3220 2
1764 1453 2
2656 405 8
2311 2282 2
3562 931 2
1459 2598 8
2344 1933 4
1759 198 4
147 210 2
1900 2498 2
2443 1988 4
2774 3711 4
3720 677 10
1349 3251 2
4053 3957 4
2980 2853 4
3977 2657 8
2460 1707 2
3439 728 4
1905 4005 8
1741 7 2
2287 1677 10
3853 3964 8
824 4043 8
2309 31 2
389 1459 4
1336 2265 4
2460 1888 2
3531 1138 2
3961 3328 2
124 2981 4
3681 1905 4
2487 4138 2
4077 555 2
3116 3583 2
2656 2102 10
633 2479 2
1878 2803 2
363 2028 2
2271 829 2
4022 1106 4
3479 2143 4
417 1758 4
2446 2236 8
1574 177 4
1344 677 8
293 232 2
1429 3120 4
2853 3659 8
922 1905 4
2714 2060 4
2459 519 2
2533 1905 4
1254 3477 2
110 2131 4
482 2207 2
582 1609 4
462 2656 2
1356 3853 4
1565 762 2
1525 228 2
3151 33 2
1905 2881 2
1632 2115 4
2121 900 8
1758 1115 8
3358 1624 4
3740 2544 7
4078 3107 4
1905 3199 8
2115 2264 8
1914 2011 10
564 85 4
2524 2837 3
1406 1895 2
960 398 4
3157 2068 2
1704 2089 2
1605 908 8
2290 1383 4
150 1455 2
2853 1416 8
3251 1349 2
2714 1982 2
3438 2564 2
2981 614 2
2513 1480 10
3420 2082 2
3485 1649 2
2119 1046 2
3079 3205 8
1332 2257 10
1901 1714 8
1369 1562 4
1609 3882 8
2016 2067 6
1945 1523 8
3309 510 4
1631 2304 8
1747 1537 4
127 1051 2
3821 1624 4
741 1774 2
296 2249 4
2405 3030 2
2839 813 2
3457 3737 2
1616 3278 2
3950 1733 4
1161 1508 2
343 948 2
2744 2750 2
3789 1806 2
1263 2287 4
2068 118 2
1315 3001 2
2299 3958 2
585 3214 2
2690 491 8
2265 481 2
2245 3711 4
356 3005 2
1710 1139 2
2769 1624 4
2945 2265 4
2772 2861 2
2246 2369 2
705 1091 2
673 3329 2
1680 3888 2
3854 1003 4
781 3755 2
2225 1978 4
1119 667 4
3528 980 4
1998 268 8
1785 3040 2
2610 349 4
3055 69 2
3026 3239 2
1679 479 4
3862 475 4
3371 2087 10
3084 2011 2
1852 3249 2
3591 386 2
1003 361 8
4123 3997 8
426 1941 2
30 3960 8
514 1252 8
2133 3950 2
178 289 2
90 210 4
4133 3635 2
2282 1659 2
864 2293 4
427 3911 8
3301 3664 2
684 733 4
1003 3952 8
152 3517 2
3359 824 4
4119 728 4
1800 3374 2
1878 4047 8
716 3147 2
1003 2628 8
3483 3678 8
598 205 2
570 2972 2
1593 1905 4
1441 2296 2
1051 2156 8
591 3214 2
858 1955 4
2781 978 2
2838 2746 2
2817 2481 2
3640 146 2
3303 2634 2
2239 1676 2
1483 1427 8
1051 3808 8
3230 467 4
32 742 2
1847 2994 2
1566 4122 2
2746 1742 2
2650 2839 8
573 2259 8
2535 2386 4
1711 3324 8
2527 952 4
496 477 2
3573 2115 4
115 1812 2
2143 1740 8
3152 3853 4
3079 3060 8
1609 1182 2
2343 2386 2
311 2576 2
2254 915 4
3155 3540 2
2642 1460 10
1537 3851 4
2884 834 3
570 1319 2
1529 31 4
1563 1740 4
660 1748 2
1609 1813 8
1003 2658 8
1733 1615 8
2335 1058 2
4106 1331 2
1139 3124 2
3844 634 2
1945 3846 8
1130 2765 2
4009 1829 2
2271 44 8
3199 1905 4
846 1003 4
3545 1201 8
691 1481 2
1556 54 8
1080 3955 2
698 2948 2
30 843 8
281 1308 2
3548 1988 2
2601 3331 7
1872 2740 8
1581 2362 2
2386 2551 8
3893 2942 2
846 735 8
1331 2985 2
1067 684 2
3647 2144 4
2994 785 8
3387 3787 4
2676 1424 8
2734 2412 2
1314 3853 4
2345 514 2
329 1003 4
7 1751 2
54 1556 4
1082 1740 4
998 1905 4
2853 3141 2
809 1481 4
3136 1127 2
2466 1859 2
3545 429 2
3834 888 8
1010 1733 4
3853 872 8
1876 248 2
3787 3387 8
3207 3410 1
620 1106 4
3453 1094 8
2690 1458 8
1905 3624 8
681 4024 2
3750 2997 4
1246 4102 2
3965 293 2
816 3095 2
3189 1389 2
283 1003 4
370 2446 4
1905 2101 8
2676 3975 8
570 61 2
2730 3420 2
2009 4045 2
2088 2834 2
1136 30 2
1040 3014 4
2537 2303 2
3805 655 2
1537 1903 2
1003 2521 8
3441 4001 2
3545 597 8
2810 3490 2
348 2020 2
3853 2811 8
4115 1543 4
3639 2144 2
3130 1693 8
1056 3077 4
30 1272 8
3148 1579 2
3021 1696 4
2146 543 2
1887 4052 2
422 3421 4
3715 177 2
2163 2428 8
564 3760 8
4090 1933 2
1448 679 2
555 3737 8
348 189 2
3655 1048 8
323 625 4
1778 3403 8
1945 3945 8
185 4105 2
2382 3264 8
326 2659 2
578 4123 4
1906 141 2
169 3333 2
1223 1979 2
3616 3907 2
1498 2163 4
2878 526 10
3 1758 2
3026 2715 2
1742 2746 2
3040 1785 2
3323 1195 4
503 1708 2
684 2318 8
2853 1459 8
3913 2788 2
948 343 2
1586 1516 2
1933 1211 8
2766 1912 2
3061 1331 2
1123 2989 2
84 3714 8
1806 2098 4
3424 1945 4
930 849 8
984 2853 4
2444 132 4
1095 197 4
547 2994 8
707 2690 2
3055 2204 2
3541 3811 2
2544 297 0
740 3834 2
1773 1392 2
3853 3779 8
164 2328 10
634 3844 2
1609 683 8
487 2250 4
2557 3371 4
91 1713 8
393 2403 8
1003 2862 8
2834 1735 2
3747 3040 4
9 239 2
3795 3217 2
2853 1456 2
2011 139 2
4015 3005 4
1600 1933 2
2095 2386 4
210 1728 8
2517 2222 10
10 1331 8
1905 2141 8
2162 3887 2
87 2939 4
1988 1370 8
3033 965 2
1905 3237 8
1988 1 2
4062 3853 4
2012 200 2
3012 2936 4
2060 2274 8
3023 1948 8
2656 1364 2
2853 3024 8
1748 660 2
2993 1878 8
1041 3406 2
3957 174 8
1758 3 2
2031 2855 4
2478 1319 2
3044 293 2
3011 4013 2
1459 3658 8
1746 1051 4
2274 2060 4
3988 321 8
1250 1573 2
1170 3597 2
121 2039 2
132 2923 8
2857 1609 4
1442 1740 2
573 1018 8
1414 1872 2
1905 341 8
2704 803 8
613 1305 2
2386 3759 8
1452 589 4
3094 2205 8
2608 3139 2
1832 1246 2
651 2097 10
479 824 4
630 4123 4
1955 858 8
615 2429 4
1508 1161 2
3614 1098 2
1026 388 2
999 1201 2
2989 2341 2
1799 1544 2
1484 3214 2
332 3635 2
62 1872 2
1671 1643 2
4139 926 2
4115 3469 8
3587 1102 4
2855 568 2
2446 2112 8
2885 2271 2
1720 594 4
2060 3641 8
1658 2163 2
185 467 8
2579 220 4
3207 485 1
2486 3947 2
1406 3312 2
3040 3954 8
2163 2821 4
1644 1051 2
304 3771 2
1012 2012 4
255 1661 4
111 3880 8
2853 3131 8
4058 1215 2
1365 197 4
929 3464 2
1787 2575 2
1019 1864 2
1881 995 2
3421 422 8
1419 3496 8
760 2853 4
2043 2853 4
1444 177 2
689 2853 4
2931 2514 4
682 1821 2
1005 3819 2
3374 1800 2
2489 3211 4
1170 1248 2
2029 2102 2
3853 1356 8
3198 1051 4
573 17 8
1473 700 4
3480 3658 2
3977 588 10
3545 611 8
3711 3079 4
3442 141 8
220 2579 8
1119 1688 8
1905 1790 8
1528 2187 2
3355 2637 2
1988 1377 8
1408 3371 2
1655 2054 2
2425 3130 2
3818 2410 2
3712 3079 2
2565 3056 2
1225 1003 4
4042 2094 3
2916 2983 0
2458 922 4
3132 4108 2
1003 2051 8
789 2855 4
2482 433 2
373 2097 4
2594 114 2
3817 840 2
3828 2507 4
2690 707 2
435 377 5
1947 1023 2
1246 2221 8
2768 3187 1
1933 1834 8
4117 2853 4
4111 2271 2
728 3439 8
1046 2338 2
23 1758 4
132 344 4
1609 2463 8
1139 850 3
3546 2970 8
2675 3977 4
2950 2249 4
3126 2856 2
1582 3143 2
1242 903 2
3538 1941 10
2115 1229 2
669 3667 2
2026 2585 8
1952 1562 8
2566 1459 4
2676 2721 2
3312 1406 2
1018 573 4
629 2963 8
1694 2282 2
115 1650 2
1905 3243 8
3211 345 2
3834 2671 8
450 3354 4
1051 878 8
111 1557 8
2519 218 2
2246 3624 10
1678 3040 4
2180 551 2
3711 1545 8
1439 3526 2
1537 3291 2
167 2143 4
1669 2875 2
3247 1933 4
12 2610 4
3834 2531 8
3746 1980 2
2656 166 2
3622 2097 10
2143 1438 8
3423 2991 2
4061 3005 4
3328 3961 2
507 2144 4
3092 1319 2
1565 2472 8
993 78 2
2632 661 2
3922 3190 2
1331 10 4
1737 2253 8
2148 564 4
3889 1010 4
1900 2400 2
3811 2388 8
2837 2524 3
1000 2073 4
4123 884 8
2897 1290 2
1109 3741 2
2850 4046 2
3874 1905 4
2690 3648 8
2100 2832 2
1905 3857 8
824 1848 8
1003 329 8
1001 773 2
2090 781 2
283 3317 2
3543 3664 4
3117 1905 4
1168 82 2
3005 3013 8
1194 3211 4
467 2212 8
1188 3843 8
2732 2115 4
2717 1939 4
2918 1102 4
111 1169 8
256 229 2
539 1102 4
1730 2163 2
1596 2837 2
1117 3652 8
2799 132 4
2855 2219 2
2712 4081 2
2175 2848 2
1216 1060 4
1319 3092 2
2785 3819 4
1047 1847 2
4054 3554 3
2102 2656 10
1046 3631 10
2121 573 4
2663 3713 8
2055 790 2
301 696 8
3613 3026 4
2629 772 8
1139 1710 2
2554 3529 2
4052 1887 2
956 3188 2
234 3211 4
1213 197 4
2147 3664 2
969 2841 2
1905 2084 8
2007 2612 2
3207 1328 1
2607 1592 8
597 3545 4
3372 1106 4
3730 2720 2
4140 338 4
348 2538 2
619 3745 2
1173 483 2
1098 3614 2
3623 1905 4
2166 2347 8
3388 532 2
2997 456 2
1003 950 8
1714 125 5
3816 1319 4
3494 1533 10
492 2587 2
3437 3079 4
2853 3289 8
3754 3005 10
3362 1890 2
2656 1095 4
30 2956 8
1087 1645 10
3242 1666 2
492 3582 8
2760 1230 2
1003 2277 8
1228 3784 2
3590 4115 4
1531 2874 2
2576 311 2
942 3770 10
4123 4129 2
511 33 2
2746 2525 2
1933 2726 2
3273 1520 2
978 4023 4
185 2200 8
2348 1215 2
1106 1227 8
3666 1645 4
424 3778 4
3371 686 8
3168 3778 4
100 778 2
16 2782 2
1717 3625 2
2186 210 2
3652 2653 2
2188 467 4
4134 3374 2
2265 132 4
3100 824 4
3668 490 4
2853 3051 2
265 2610 4
2115 3234 2
3354 450 8
2612 2007 2
2853 520 8
2721 2676 2
3853 1814 8
1561 312 2
2893 2700 2
3058 3853 4
976 278 4
3722 2060 4
1924 2936 4
3077 1459 4
1616 2112 4
2161 2143 4
2750 2744 2
1740 2143 4
2696 3834 10
3491 2293 2
2332 2880 2
1106 4022 8
3551 1119 4
2765 1130 2
3374 2420 8
1538 1875 2
639 4081 4
1102 2918 8
3464 4038 4
734 2261 2
4098 943 4
2109 2396 2
2994 963 8
2328 100 4
122 1833 2
846 2115 8
3485 505 4
634 581 8
3616 1015 4
685 3851 2
849 2490 2
1508 1450 4
3667 764 8
1269 300 2
3264 2382 4
334 177 4
2250 994 4
510 3371 4
639 3196 2
3621 1837 8
1752 111 4
2853 3007 8
3672 2446 4
3055 3245 8
2054 1655 2
3089 724 0
2953 2729 8
1377 1988 4
938 3546 8
1740 3332 8
3616 841 2
2852 2768 8
427 3832 2
2832 2100 2
444 411 2
3984 1197 2
333 1830 5
214 1315 2
2903 3293 2
1631 1972 8
609 2768 8
1396 3294 2
2855 789 8
2865 409 2
2027 3572 2
3813 806 2
275 2631 8
1781 3655 2
1061 3202 2
3453 2751 8
657 3267 2
2517 2131 8
3225 2006 2
2269 2446 4
2771 1127 2
708 2725 4
4137 3833 2
3276 4015 4
413 1219 4
3572 2027 2
4026 2012 10
3508 1925 2
1003 3971 8
1826 555 4
2770 2386 4
2850 3471 8
226 31 2
1609 856 8
3371 1733 4
2953 43 2
2005 3225 2
1685 3984 10
824 2107 8
583 1041 8
4089 4018 2
3731 136 8
532 2069 2
2446 34 8
2265 464 8
3346 1098 2
1504 2834 2
393 3853 4
1443 3510 2
1570 3211 2
2936 3409 4
3834 41 8
1859 2466 2
91 1608 4
114 2594 2
3062 3918 2
3420 2730 2
1030 634 2
427 3892 8
966 2116 2
1286 2282 2
2853 1383 8
3374 251 2
3057 2117 4
724 3089 7
344 132 8
519 2459 2
1015 3616 8
566 3446 2
3971 1003 4
3757 2083 8
1988 2151 2
1645 2286 2
2174 3165 4
432 2173 8
1733 1060 8
1219 1351 8
185 1815 8
3286 2690 4
2446 2159 8
151 165 8
1097 1505 4
1585 1799 2
3999 3448 2
448 2276 10
4014 1661 2
3853 3726 8
2597 2768 4
3730 2595 10
1740 641 2
404 4123 4
3146 3455 2
2446 2513 8
3730 1993 2
1048 3655 4
1871 2412 2
1945 797 8
3746 1674 2
3546 2393 2
1587 3242 4
1571 38 8
3707 2925 2
2115 6 8
348 3593 2
2455 2446 4
2625 3391 4
2685 1778 2
3834 3603 8
1960 3040 4
3565 576 2
1740 3935 8
2627 3944 10
1927 4096 8
1191 2270 2
2143 1187 8
2791 983 4
4108 1532 2
2172 3461 2
1134 1003 4
3589 3005 2
1221 1729 2
1696 2690 4
1830 333 1
1051 761 8
2658 1003 4
297 1256 2
1905 2257 8
1905 4010 8
2350 3026 4
1995 2438 2
2605 1387 8
1908 2652 4
2937 2746 2
872 3853 4
3261 3853 4
1106 1028 8
1847 1047 2
31 1529 8
1879 3068 2
2894 868 2
1119 1854 2
2214 2983 2
2302 1106 2
2073 1215 8
2451 510 4
2477 3919 2
3629 2282 2
3371 181 2
1988 4076 2
2669 448 10
1003 283 8
1103 3657 2
2282 3629 2
1872 62 2
1543 4115 8
639 1656 2
4093 3899 8
2508 3838 2
2271 3160 2
3646 2853 4
2999 962 2
1571 3505 2
3834 3334 8
836 3546 2
1750 3885 2
2996 1661 2
753 1758 4
1459 389 8
1003 594 8
629 143 8
2446 2711 8
1933 2450 8
1486 629 2
1925 1653 2
3853 2975 8
2711 2446 4
3862 1662 8
2438 1995 2
3211 2489 8
3670 3559 2
3173 3864 2
629 3048 8
570 3780 2
2704 2079 8
2566 1556 8
386 3591 2
3685 3026 2
3055 1715 2
1819 2641 2
488 3153 2
3464 861 8
1010 4021 2
2428 2163 4
2747 2296 2
219 2552 2
2328 164 10
3834 2696 10
770 1035 4
1676 2239 2
2163 2426 2
2515 2593 2
3096 905 8
3604 2446 4
3861 1333 2
2641 1160 2
1547 1905 4
1459 1639 8
253 2166 2
4138 3208 2
2361 3853 4
800 1881 2
1857 838 2
1049 3811 2
940 2687 2
2936 2233 2
1206 824 4
76 2997 4
2144 3478 8
102 3146 7
616 3265 2
2611 3626 4
132 2444 8
2144 3296 8
2669 545 8
806 4045 2
2911 1316 4
674 1988 4
1905 325 8
1459 2582 8
634 1309 8
837 801 8
2669 3534 8
100 3723 2
1716 3616 2
2741 111 4
3526 1439 2
824 3100 8
1003 2905 8
2720 3730 2
1400 1060 4
2912 3877 8
3046 1332 4
479 3259 2
3004 3435 2
971 1988 4
2920 1419 4
3755 781 2
2949 3304 2
684 1946 2
2480 2250 2
2855 2031 8
2203 2890 10
729 1937 2
1812 1112 2
1619 2290 2
1020 1019 8
2853 402 8
2669 1100 8
3503 2997 4
427 1081 8
2384 2281 2
4042 3089 7
1287 3853 4
529 1342 2
866 3717 4
1246 2154 8
2260 4045 2
757 2864 8
1396 3567 3
1905 2806 8
3091 1727 2
3984 1685 10
2690 3985 8
143 629 4
3512 106 8
3159 1477 2
2460 1186 2
2610 2340 8
993 336 2
2446 1739 8
1837 3621 4
656 2853 4
655 3805 2
1988 3898 8
104 278 2
3295 1661 8
3602 1609 4
1609 2017 8
1627 1778 4
2805 3988 10
3768 2789 4
3153 3897 8
681 517 8
3453 3177 8
392 624 2
2853 2977 8
637 3485 8
132 815 2
337 3126 2
492 383 8
3664 1300 2
2246 2060 4
1639 4031 8
2140 2271 2
1945 436 2
3953 2847 2
197 1213 8
447 1784 2
668 3950 2
2194 225 2
2011 3084 2
1609 2898 8
2029 1331 2
3884 3803 2
2509 2656 4
3960 30 4
416 2610 4
282 3266 2
3717 1145 8
1235 2652 2
3848 1112 2
443 250 3
1609 3319 8
1905 288 8
2773 2642 4
1354 2316 2
66 561 2
2758 3957 4
1928 3382 2
2511 1865 2
1857 3075 2
361 1003 4
592 1609 2
341 1905 4
306 3765 2
3621 4045 8
2324 2676 4
1026 4004 2
1219 534 8
395 1711 4
1106 1070 2
2384 4009 2
910 137 2
3410 3207 5
137 2120 8
3324 1711 4
3443 1098 2
3545 793 2
2249 2901 8
137 4095 8
1118 757 8
4068 824 4
2099 2609 2
4115 3770 8
1415 2011 10
2853 807 8
2386 201 8
1003 3385 8
2446 3792 2
1733 3811 8
1359 1007 4
3397 1905 4
1398 3348 2
3077 914 2
2383 3241 4
1893 3139 2
3501 1622 2
2386 1940 8
2669 756 2
2271 3679 8
232 293 2
2865 3778 4
3173 730 2
2025 1945 2
2143 1157 8
2593 2014 2
4008 1087 2
4045 2794 2
140 3777 2
2656 2509 8
547 1047 8
3371 1046 8
4138 2487 2
1988 177 8
2410 3818 2
1171 3694 2
646 3211 2
338 4140 8
3214 2330 4
2352 1616 2
1556 2566 4
3094 3532 2
2853 4075 8
737 676 2
3956 1389 2
2153 3860 2
1244 1902 8
3200 1434 2
1122 185 4
4041 270 2
185 3580 8
2652 2315 7
2287 1181 2
3241 3963 2
1516 1586 2
2569 978 10
1256 297 2
1041 2195 8
622 1684 2
2653 3652 2
3348 489 4
351 2890 10
1905 4094 8
3112 1905 4
1994 3192 4
2008 3581 4
1905 998 8
99 2957 8
532 263 2
1019 1020 4
6 2115 4
1208 1167 2
2585 2465 2
2076 3055 2
3405 920 4
2863 1464 8
3673 2656 2
1409 2214 2
1751 7 2
185 1974 8
532 2913 4
111 3404 8
1922 1241 4
2143 2484 8
244 275 2
1624 2341 2
2853 2185 8
1625 1945 2
1669 2262 2
3211 1194 8
2523 3414 4
2586 2967 2
4109 30 4
3153 3840 2
1732 348 4
676 600 8
2997 1808 2
2107 824 4
3642 348 4
3812 2853 4
3853 2722 8
293 3044 2
3839 1003 4
2550 2853 4
4045 2009 2
1098 3346 2
2962 573 4
956 593 2
3783 185 4
2580 249 2
1860 770 8
1881 820 4
1661 255 8
2370 2652 10
845 1921 2
3676 573 4
1624 3821 8
2564 3438 2
4108 3132 2
859 887 2
862 2853 4
3040 3758 8
1966 1003 4
177 1226 2
1681 1794 2
4038 3464 8
3458 3485 2
2115 992 8
1946 684 2
1230 276 2
3757 1849 8
1597 973 8
3873 1319 2
514 2345 2
766 1332 2
1106 2302 2
3153 2540 2
3656 1778 4
1589 2166 2
3556 2149 2
415 3667 4
1576 3470 4
1639 1459 4
951 4140 2
3492 3834 4
1955 3845 2
286 306 2
3745 2003 8
640 1835 2
3462 2957 2
1955 4080 2
283 1193 8
1609 3223 8
3834 3006 8
572 510 4
2251 130 2
3667 749 10
2853 2326 2
4115 3590 8
2118 2853 4
2936 1924 8
385 278 8
2364 800 2
4015 3276 8
647 3545 4
2993 1061 8
3201 1905 4
2789 3903 2
1926 1923 2
1133 1003 4
743 2853 4
532 3109 8
1264 653 8
1421 3384 2
4116 81 8
868 2894 2
2331 2010 2
2296 1613 4
2011 1591 8
1449 2143 4
2795 3453 8
2505 1778 4
2808 3421 4
1648 1615 2
3779 3853 4
3837 618 2
3853 3456 8
1288 3017 2
2699 3413 2
823 1831 2
1688 1119 4
330 2143 4
2158 1021 2
1130 1188 4
3421 1289 4
2485 1435 4
496 3162 2
1003 3082 8
1711 395 8
2756 3834 4
2271 1526 8
1302 185 4
1933 1249 8
1514 1667 2
3242 166 2
109 3822 8
3536 3354 4
1060 1216 8
3576 1453 4
1905 662 8
2714 3601 2
2335 4044 2
1579 3148 2
1711 71 2
813 2839 2
59 3524 2
1388 2912 2
896 1332 4
1174 2144 8
137 163 2
1941 426 2
2957 99 4
800 2364 2
1077 952 4
3077 4065 2
3079 732 8
1372 3819 2
1609 2614 8
2984 532 2
2212 467 4
4077 289 2
3164 846 4
3076 3081 2
3253 2853 4
3853 3311 8
3382 1928 2
2690 170 8
1988 1992 7
817 1269 4
799 1979 2
3782 2853 4
2653 2749 2
380 728 4
2211 492 4
1905 2004 8
3760 564 4
3505 1571 2
3693 1887 8
1615 1733 4
1481 1245 10
3834 2641 8
2850 3008 4
3811 3541 2
185 1122 8
1717 676 4
2446 2408 8
793 3545 2
1905 1646 8
1156 245 2
3876 2714 2
3511 210 2
2193 1562 2
1060 3866 8
2683 2143 4
2652 3993 2
3339 2714 2
2153 2310 4
1201 2065 10
3203 3315 2
3760 665 8
3385 1003 4
2517 425 10
401 3853 4
3485 1104 2
693 3807 2
684 3881 2
1988 1868 8
938 1778 8
3655 1142 4
1988 2964 8
3091 489 4
1106 1909 2
1417 759 2
1818 3708 2
1066 3853 4
2638 1014 2
1905 3620 8
3853 2317 10
2293 233 8
125 1714 1
849 930 4
1003 2677 8
3067 736 8
4008 544 2
2450 1933 4
3819 2248 2
2906 3888 8
3178 2412 2
2671 3834 4
2309 3242 2
2144 1575 2
852 1945 2
913 1778 4
185 1302 8
398 960 8
1740 3692 2
727 1933 4
810 3728 2
2942 1765 2
666 1905 4
2446 1432 8
2981 3311 10
2125 3745 2
2319 2060 4
787 1869 8
665 988 2
2355 2285 2
1521 283 4
2213 3079 4
492 3396 8
1905 3681 8
2030 3180 2
1297 1366 2
1666 2656 2
1106 663 8
1003 49 8
3658 1459 4
1562 1623 2
1331 2168 8
2143 2752 8
177 374 2
2789 842 2
1378 73 4
2714 3876 2
2084 1905 4
3693 1774 8
1677 2287 10
3215 2333 4
283 3018 8
1260 330 2
1003 3034 2
6 3950 10
3130 1648 2
2446 1467 8
4006 515 4
1129 3853 4
3853 3252 8
3494 2690 4
1631 3815 2
2936 1767 2
1430 3271 2
2853 3262 8
1703 3652 4
2908 604 8
3455 3146 2
3271 1430 2
1611 2516 2
427 1231 8
706 105 8
2356 629 4
2788 3913 2
2491 833 2
1412 1282 8
1007 1359 8
3005 412 2
3770 942 10
1531 3244 2
191 1947 8
2669 194 8
1933 2344 8
1539 2115 4
3507 1003 4
3834 3093 8
3738 2047 8
3757 1003 4
212 2588 2
1973 629 2
3034 1003 2
1461 3746 4
1506 3778 4
2886 3065 2
1609 2703 8
4045 806 2
2419 2853 4
3648 2690 4
710 1301 10
348 567 8
621 4045 2
438 3831 8
2723 239 2
4067 211 8
2091 1933 2
1014 2638 2
1905 16 8
2562 1325 2
2102 2029 2
1779 2704 4
434 2981 2
1947 191 4
4037 1881 2
4140 2637 2
3787 2652 8
3035 763 8
820 1881 8
3668 1642 8
1510 1027 2
2536 2669 4
532 2365 8
3065 2668 2
715 2853 4
2149 3556 2
2060 3749 8
3176 97 2
952 2527 8
972 3279 2
2861 2237 2
3814 1483 4
634 1030 2
934 2882 2
778 2328 2
2654 636 8
2500 1357 2
2144 3433 8
1515 1075 2
849 1598 5
4123 578 8
1769 1905 2
2265 324 2
491 3799 2
3019 3988 4
2257 1332 10
3957 2758 8
254 952 4
30 4109 8
2078 4089 2
2886 3180 2
1003 3028 8
1899 2704 4
355 3756 2
3706 2028 3
1097 3229 8
960 690 2
1903 1537 2
1933 727 8
3340 629 2
2044 2853 4
4000 3120 4
2271 2140 2
1097 3110 8
419 1609 4
3994 1106 4
2386 2692 8
2822 3496 4
2068 3942 2
3240 1988 2
94 2947 10
2687 1121 2
2207 482 2
961 2853 4
1007 1721 8
3364 1046 2
356 2011 2
3947 1651 8
4045 3621 4
2353 348 4
3016 2853 4
3807 320 2
427 4001 8
1446 2700 2
2323 3501 2
2610 2670 8
49 1003 4
3040 2678 2
3610 2651 4
2087 3371 10
2641 506 2
48 3586 2
177 3995 8
2073 1000 8
1387 3823 2
2168 1331 4
1905 956 8
3834 740 2
3961 792 2
2143 2683 8
2616 1010 4
1487 272 2
3094 3806 8
3834 1203 8
2947 94 10
4034 1905 4
475 3862 8
1308 818 8
2089 20 10
2449 2834 4
59 832 2
3540 3155 2
2180 184 2
2853 441 8
844 3644 2
1807 1188 8
3619 1459 2
116 4089 8
914 3077 2
1697 2386 4
504 701 2
3996 1905 4
1733 1003 10
31 1666 2
3672 1561 2
2366 2690 2
1481 518 10
278 932 2
2986 1481 4
2011 3989 2
2172 1626 4
2011 1320 8
289 3320 2
259 714 2
9 3545 2
3598 3079 2
2644 1436 2
3717 3133 2
2046 2143 4
1646 1905 4
1872 2294 2
2826 4010 2
427 2143 4
2310 2153 8
1828 1326 2
4135 283 4
2613 2501 2
684 1067 2
1370 1988 4
1972 1631 4
2206 514 4
3351 2218 2
2047 3738 4
275 244 2
2261 734 2
2687 940 2
3688 3834 4
2346 492 4
2932 4123 4
2223 4085 2
1905 2052 8
1728 210 4
3160 2271 2
1774 3693 4
3853 1737 8
1566 3003 7
814 774 2
207 3834 4
1319 2478 2
3942 2068 2
1533 1613 4
2309 2656 2
1787 3607 4
3751 2704 2
1941 1044 4
2185 2853 4
2422 1933 2
130 1506 2
73 1378 8
3947 2486 2
1003 871 8
3464 3158 7
920 3405 8
3211 2764 8
3420 3611 2
111 1003 4
2561 2249 4
2386 2535 8
3680 1928 2
2135 1081 4
4060 1770 2
2768 609 4
1003 1340 8
3957 3440 2
1878 1872 8
1988 297 8
3399 3470 4
2853 959 8
1106 712 8
2307 1609 4
3740 1114 2
3214 2447 2
1921 845 2
3490 4084 2
2578 1106 2
573 1480 8
2637 3355 2
3819 1005 2
1003 267 8
2690 1339 8
2204 432 2
1206 1483 8
1720 1214 2
2948 698 2
2537 518 10
752 3421 2
275 784 8
2484 2143 4
589 2373 8
1561 2844 2
4121 865 8
1651 2855 10
18 1003 4
2041 3757 4
745 2936 2
3079 3598 2
2400 1900 2
3120 1429 8
3853 2191 8
1761 3371 2
2392 1281 2
1371 3154 2
256 3916 8
2853 760 8
1051 1809 2
3824 1386 2
4105 185 2
1815 185 4
3769 1905 4
3453 3258 8
3374 3412 8
3934 2293 4
2379 3717 2
3882 1609 4
1733 3371 8
1089 519 8
2778 1362 4
1107 3453 4
2305 1246 4
35 2714 2
3005 4015 8
1081 2135 8
2959 2282 4
159 3211 4
39 275 4
774 814 2
1046 3288 2
3670 4137 2
833 1691 2
1464 2863 4
3374 4134 2
3849 275 4
3988 3460 8
2072 1709 2
47 3545 2
131 3257 2
1481 2240 8
2369 2246 2
78 993 2
2456 2271 2
1330 1007 2
30 3850 2
3014 1040 8
2537 1303 10
2853 2387 8
4010 3298 2
3187 2768 5
2024 3804 4
624 392 2
2011 2796 2
3884 2679 2
3611 3420 2
1663 3172 2
1516 3959 4
1036 1905 4
4059 824 2
512 1872 4
1875 1538 2
50 687 2
3371 1408 2
978 3527 8
2275 1915 2
3110 1097 4
2855 3689 8
937 2143 4
1278 2776 2
68 2386 4
2250 1037 8
529 264 2
2490 849 2
1997 3869 4
3741 1896 2
3948 3740 10
2595 3730 10
2679 3884 2
658 2585 2
1331 2029 2
2143 2973 8
1240 1675 2
3853 4062 8
757 1118 4
765 2904 2
166 3242 2
2405 1285 2
452 3716 2
3662 1345 2
3904 2131 4
1459 466 8
1702 278 2
692 1905 4
1952 1244 8
1246 3097 8
2853 3925 8
284 2249 4
1389 2933 2
1061 3321 2
3227 2537 4
72 2115 4
2706 526 2
3711 2245 8
587 634 4
3863 2136 2
659 4010 4
3453 1107 8
684 1159 2
3472 3231 4
