437
147 40 0
39 40 1
40 12 11
40 104 11
85 40 1
180 40 13
36 40 1
40 129 11
211 40 4
101 40 1
40 111 11
40 171 11
40 112 8
22 40 1
123 40 1
40 41 11
212 40 1
40 94 11
98 40 6
2 40 1
40 91 8
140 40 1
59 40 13
40 205 11
150 40 1
193 40 1
202 40 1
49 40 1
178 40 13
162 40 1
176 40 1
40 113 11
147 156 2
40 181 8
40 3 11
40 25 11
40 10 11
40 26 11
40 89 11
40 215 11
40 128 9
80 40 1
208 40 1
40 21 11
63 40 1
42 40 13
205 40 1
180 40 6
40 46 11
40 173 11
74 40 1
40 183 11
54 40 1
77 40 6
40 145 11
40 196 11
138 40 1
40 11 8
40 191 11
40 120 11
79 40 1
6 40 6
40 178 9
40 216 11
40 166 11
94 40 1
40 204 11
121 40 6
40 165 11
40 57 11
117 40 1
130 40 1
40 125 11
7 40 1
147 75 12
51 40 1
40 59 8
174 40 4
40 154 11
141 40 1
40 6 9
10 40 1
40 139 11
58 40 1
40 16 11
194 40 6
178 40 6
16 40 1
194 40 4
40 20 11
24 40 13
40 206 11
31 40 1
161 40 1
25 40 1
40 201 11
40 90 8
66 40 4
98 40 13
40 133 11
40 4 9
197 40 1
13 40 1
40 188 11
57 40 1
72 40 4
112 40 6
40 79 11
40 7 11
99 40 1
11 40 13
40 128 8
27 40 1
40 179 11
40 58 11
26 40 1
71 40 6
40 187 11
173 40 1
105 40 1
98 40 4
20 40 1
40 153 11
198 40 4
170 40 1
188 40 1
40 217 11
40 86 11
40 122 8
71 40 4
102 40 1
84 40 1
40 66 8
19 40 6
8 40 1
67 40 1
112 40 13
40 163 11
40 85 11
90 40 6
104 40 1
40 143 11
40 180 8
40 149 11
198 40 13
40 194 9
40 208 11
40 92 11
42 40 4
40 220 8
93 40 1
46 40 1
40 170 11
40 155 11
40 88 11
189 40 1
40 55 11
40 106 11
127 40 1
181 40 4
81 40 1
177 40 10
40 70 11
40 29 11
199 40 1
40 160 11
40 142 11
40 35 11
204 40 1
40 108 11
47 40 1
59 40 4
134 40 1
40 101 11
40 64 11
40 51 11
40 77 8
151 40 1
210 40 1
71 40 13
122 40 13
40 199 11
40 31 11
40 2 11
73 40 1
40 48 11
11 40 4
220 40 13
206 40 1
72 40 13
40 82 11
40 95 11
181 40 13
40 174 8
120 40 1
89 40 1
40 195 11
40 219 11
40 213 9
40 213 8
110 40 1
160 40 1
40 17 11
40 137 11
50 40 1
40 123 11
40 148 11
40 118 11
121 40 4
40 200 11
40 30 11
40 218 11
214 40 1
40 67 11
40 90 9
40 14 11
41 40 1
6 40 13
40 198 9
32 40 1
40 214 11
108 40 1
40 105 11
133 40 1
118 40 1
60 40 1
40 177 15
40 56 11
40 68 11
40 43 11
40 112 9
40 49 11
40 140 11
40 18 11
64 40 1
217 40 1
88 40 1
70 40 1
55 40 1
40 174 9
195 40 1
33 40 1
40 150 11
40 135 11
68 40 1
166 40 1
40 45 11
23 40 1
40 209 11
128 40 13
40 161 11
132 40 1
69 40 1
11 40 6
148 40 1
40 151 11
213 40 6
220 40 4
40 119 11
40 121 8
35 40 1
15 40 1
40 72 8
213 40 13
156 147 14
122 40 6
83 40 1
187 40 1
149 40 1
14 40 1
72 40 6
152 40 1
191 40 1
40 220 9
40 93 11
65 40 1
164 40 1
6 40 4
40 141 11
119 40 1
218 40 1
40 78 11
40 4 8
30 40 1
40 109 11
165 40 1
40 60 11
40 37 11
207 40 1
40 59 9
40 98 9
40 175 7
40 24 9
175 40 5
40 162 11
61 40 1
40 167 11
114 40 1
139 40 1
40 164 11
40 168 11
37 40 1
91 40 6
40 176 11
40 62 11
40 19 8
40 73 11
40 28 11
40 144 11
78 40 1
40 152 11
136 40 1
112 40 4
40 221 11
157 40 1
103 40 1
40 189 11
40 80 11
40 130 11
40 138 11
216 40 1
45 40 1
5 40 1
174 40 6
181 40 6
126 40 1
40 23 11
95 40 1
40 102 11
40 71 9
40 27 11
40 32 11
4 40 13
3 40 1
40 192 11
40 33 11
40 47 11
40 115 3
128 40 4
201 40 1
48 40 1
40 96 11
40 181 9
0 40 1
116 40 1
40 100 11
24 40 6
34 40 1
40 185 11
40 11 9
40 210 11
169 40 1
186 40 1
40 42 9
213 40 4
40 1 11
211 40 6
40 44 11
179 40 1
190 40 1
43 40 1
40 15 11
209 40 1
40 69 11
121 40 13
92 40 1
40 19 9
40 158 11
109 40 1
40 146 11
219 40 1
129 40 1
171 40 1
40 65 11
194 40 13
168 40 1
40 103 11
40 172 11
40 72 9
220 40 6
155 40 1
40 124 11
185 40 1
40 127 11
18 40 1
40 61 11
91 40 13
38 40 1
167 40 1
144 40 1
215 40 1
124 40 1
40 99 11
24 40 4
53 40 1
40 97 11
40 87 11
40 42 8
40 8 11
1 40 1
40 203 11
40 182 11
90 40 13
40 131 11
40 36 11
106 40 1
87 40 1
40 207 11
86 40 1
158 40 1
211 40 13
40 9 11
159 40 1
40 50 11
153 40 1
40 34 11
107 40 1
40 81 11
40 53 11
40 71 8
198 40 6
184 40 1
40 212 11
200 40 1
19 40 4
28 40 1
59 40 6
196 40 1
40 169 11
40 74 11
40 38 11
40 76 11
40 52 11
100 40 1
40 84 11
183 40 1
145 40 1
